31 : 72
34 : 94
35 : 140
36 : 149
37 : 131
38 : 72
50 : 51
51 : 657
52 : 326
53 : 594
54 : 612
55 : 589
56 : 611
57 : 553
58 : 352
70 : 472
71 : 1300
72 : 692
73 : 872
74 : 870
75 : 800
76 : 562
77 : 346
78 : 197
89 : 426
90 : 1188
91 : 1372
92 : 782
93 : 938
94 : 684
95 : 440
96 : 225
97 : 116
109 : 479
110 : 1127
111 : 1239
112 : 1130
113 : 875
114 : 562
115 : 317
116 : 160
129 : 572
130 : 1566
131 : 1518
132 : 1269
133 : 1028
134 : 599
135 : 343
136 : 180
137 : 66
149 : 245
150 : 848
151 : 1318
152 : 1465
153 : 917
154 : 644
155 : 439
156 : 301
157 : 78
169 : 56
170 : 223
171 : 490
172 : 1268
173 : 755
174 : 574
175 : 459
176 : 324
177 : 157
190 : 100
191 : 146
192 : 609
193 : 750
194 : 533
195 : 409
196 : 262
197 : 180
198 : 84
211 : 76
212 : 212
213 : 451
214 : 409
215 : 272
216 : 197
217 : 118
218 : 70
232 : 63
233 : 183
234 : 270
235 : 196
236 : 155
237 : 88
253 : 66
254 : 157
255 : 140
256 : 126
257 : 106
258 : 53
274 : 64
275 : 73
276 : 75
277 : 69
278 : 56
(233, 131) : 53
(71, 111) : 89
(254, 213) : 73
(73, 72) : 82
(130, 150) : 169
(91, 132) : 50
(72, 92) : 72
(113, 112) : 69
(192, 151) : 138
(170, 130) : 75
(77, 76) : 55
(214, 194) : 101
(152, 93) : 75
(151, 130) : 77
(130, 170) : 75
(74, 56) : 62
(234, 213) : 109
(174, 154) : 111
(56, 75) : 87
(234, 173) : 88
(233, 172) : 82
(234, 255) : 60
(195, 194) : 59
(234, 153) : 66
(90, 130) : 69
(255, 214) : 55
(152, 172) : 268
(193, 254) : 60
(110, 171) : 53
(73, 91) : 58
(109, 110) : 65
(75, 93) : 52
(53, 73) : 62
(54, 73) : 92
(213, 152) : 127
(192, 132) : 93
(152, 193) : 166
(213, 234) : 109
(132, 193) : 118
(132, 74) : 62
(234, 113) : 52
(152, 112) : 124
(133, 173) : 117
(193, 234) : 119
(153, 213) : 54
(111, 110) : 71
(112, 132) : 185
(173, 234) : 88
(73, 92) : 83
(194, 153) : 99
(174, 194) : 105
(71, 131) : 64
(95, 134) : 54
(213, 192) : 126
(72, 54) : 69
(73, 55) : 54
(194, 173) : 119
(94, 74) : 94
(132, 214) : 76
(131, 71) : 64
(75, 57) : 69
(193, 214) : 153
(71, 90) : 94
(133, 152) : 50
(193, 113) : 75
(213, 173) : 66
(151, 213) : 69
(213, 133) : 50
(132, 131) : 105
(133, 214) : 67
(172, 212) : 67
(74, 75) : 99
(191, 171) : 53
(51, 71) : 82
(110, 129) : 65
(133, 154) : 59
(212, 192) : 93
(153, 112) : 53
(71, 53) : 56
(149, 129) : 55
(76, 57) : 70
(214, 133) : 67
(153, 154) : 54
(74, 193) : 53
(110, 90) : 124
(193, 74) : 53
(173, 193) : 173
(233, 213) : 85
(194, 235) : 64
(153, 174) : 84
(132, 213) : 94
(171, 110) : 53
(172, 112) : 103
(192, 233) : 80
(152, 214) : 91
(194, 133) : 77
(172, 233) : 82
(74, 92) : 53
(93, 112) : 112
(111, 92) : 72
(113, 74) : 86
(113, 193) : 75
(93, 193) : 65
(91, 72) : 80
(71, 72) : 85
(131, 91) : 121
(133, 213) : 50
(150, 131) : 55
(192, 91) : 54
(91, 110) : 98
(192, 212) : 93
(153, 133) : 166
(114, 133) : 61
(213, 151) : 69
(132, 113) : 84
(151, 193) : 69
(174, 215) : 60
(92, 152) : 60
(129, 130) : 71
(172, 111) : 97
(75, 95) : 66
(235, 194) : 64
(91, 171) : 57
(92, 91) : 71
(195, 215) : 61
(90, 71) : 94
(92, 172) : 61
(175, 154) : 63
(152, 233) : 63
(132, 233) : 51
(111, 130) : 89
(93, 75) : 52
(92, 111) : 72
(194, 195) : 59
(172, 171) : 89
(133, 193) : 80
(151, 233) : 52
(58, 57) : 74
(192, 193) : 82
(134, 114) : 103
(172, 193) : 175
(95, 115) : 58
(214, 113) : 69
(131, 171) : 110
(154, 133) : 59
(132, 172) : 166
(113, 153) : 104
(195, 134) : 51
(154, 175) : 63
(55, 94) : 55
(73, 53) : 62
(113, 94) : 89
(171, 131) : 110
(92, 72) : 72
(112, 193) : 74
(254, 234) : 62
(110, 111) : 71
(193, 93) : 65
(75, 114) : 71
(131, 111) : 206
(74, 133) : 62
(57, 75) : 69
(151, 112) : 72
(133, 153) : 166
(52, 53) : 54
(55, 56) : 92
(213, 131) : 67
(151, 110) : 68
(172, 93) : 66
(172, 214) : 85
(74, 73) : 99
(172, 254) : 52
(173, 214) : 128
(92, 132) : 81
(151, 171) : 146
(174, 173) : 56
(173, 113) : 84
(234, 214) : 92
(172, 131) : 156
(173, 174) : 56
(193, 173) : 173
(153, 152) : 70
(114, 174) : 64
(154, 195) : 71
(57, 76) : 70
(134, 195) : 51
(152, 131) : 127
(56, 55) : 92
(129, 149) : 55
(91, 152) : 50
(74, 112) : 64
(215, 214) : 56
(92, 131) : 64
(195, 154) : 71
(152, 254) : 52
(174, 133) : 69
(55, 74) : 93
(74, 173) : 51
(112, 92) : 135
(171, 151) : 146
(112, 213) : 59
(91, 150) : 56
(114, 94) : 85
(75, 134) : 51
(234, 133) : 51
(153, 173) : 175
(132, 153) : 71
(72, 71) : 85
(154, 194) : 58
(194, 154) : 58
(90, 91) : 86
(192, 152) : 138
(193, 133) : 80
(194, 174) : 105
(151, 132) : 73
(132, 92) : 81
(93, 73) : 98
(194, 193) : 83
(134, 94) : 53
(113, 173) : 84
(154, 153) : 54
(111, 151) : 128
(113, 133) : 143
(215, 194) : 87
(111, 193) : 52
(93, 55) : 55
(151, 172) : 158
(173, 255) : 51
(195, 174) : 74
(112, 74) : 64
(131, 192) : 118
(92, 74) : 53
(132, 91) : 50
(153, 194) : 99
(192, 171) : 94
(72, 111) : 51
(110, 130) : 180
(131, 150) : 55
(53, 54) : 94
(193, 111) : 52
(111, 71) : 89
(214, 235) : 85
(72, 91) : 80
(92, 151) : 53
(115, 95) : 58
(152, 92) : 60
(113, 234) : 52
(91, 51) : 54
(151, 131) : 222
(76, 95) : 66
(114, 75) : 71
(56, 74) : 62
(214, 153) : 88
(150, 130) : 169
(133, 74) : 62
(152, 133) : 50
(56, 57) : 71
(234, 152) : 68
(114, 134) : 103
(93, 152) : 75
(173, 153) : 175
(172, 113) : 55
(110, 71) : 70
(193, 255) : 57
(110, 170) : 55
(71, 110) : 70
(93, 172) : 66
(235, 193) : 67
(54, 72) : 69
(214, 93) : 52
(192, 131) : 118
(152, 192) : 138
(151, 152) : 114
(74, 93) : 121
(132, 192) : 93
(112, 214) : 50
(131, 212) : 56
(152, 111) : 77
(110, 109) : 65
(112, 173) : 61
(133, 93) : 73
(54, 55) : 59
(112, 131) : 90
(193, 152) : 166
(72, 73) : 82
(73, 93) : 98
(255, 173) : 51
(171, 91) : 57
(112, 153) : 53
(194, 152) : 64
(154, 134) : 115
(110, 151) : 68
(90, 89) : 83
(171, 192) : 94
(76, 77) : 55
(213, 193) : 147
(173, 132) : 90
(55, 93) : 55
(72, 53) : 76
(93, 214) : 52
(74, 55) : 93
(90, 109) : 69
(95, 75) : 66
(71, 91) : 149
(129, 110) : 65
(94, 113) : 89
(131, 112) : 90
(93, 132) : 97
(172, 132) : 166
(234, 193) : 119
(130, 91) : 82
(153, 234) : 66
(91, 90) : 86
(150, 151) : 55
(153, 113) : 104
(149, 130) : 52
(214, 132) : 76
(55, 54) : 59
(194, 214) : 101
(130, 111) : 89
(213, 172) : 158
(193, 194) : 83
(111, 91) : 173
(53, 52) : 54
(173, 194) : 119
(75, 55) : 80
(109, 90) : 69
(112, 151) : 72
(130, 151) : 77
(213, 233) : 85
(132, 151) : 73
(171, 111) : 77
(152, 213) : 127
(194, 132) : 55
(133, 132) : 62
(213, 153) : 54
(94, 55) : 55
(113, 75) : 57
(130, 171) : 59
(55, 73) : 54
(133, 174) : 69
(71, 51) : 82
(91, 73) : 58
(91, 192) : 54
(113, 194) : 54
(112, 152) : 124
(91, 111) : 173
(132, 112) : 185
(57, 58) : 74
(73, 112) : 62
(192, 112) : 65
(152, 173) : 112
(94, 133) : 67
(171, 191) : 53
(173, 235) : 61
(173, 213) : 66
(235, 173) : 61
(53, 72) : 76
(152, 194) : 64
(132, 194) : 55
(90, 70) : 69
(255, 234) : 60
(175, 155) : 71
(215, 173) : 52
(92, 112) : 135
(152, 113) : 68
(111, 131) : 206
(71, 70) : 71
(193, 151) : 69
(95, 76) : 66
(133, 134) : 60
(111, 72) : 51
(133, 194) : 77
(54, 53) : 94
(131, 130) : 87
(114, 153) : 51
(172, 192) : 216
(132, 133) : 62
(215, 235) : 53
(214, 112) : 50
(173, 133) : 117
(171, 212) : 52
(174, 195) : 74
(134, 133) : 60
(112, 113) : 69
(154, 174) : 111
(193, 153) : 102
(155, 175) : 71
(73, 54) : 92
(91, 131) : 121
(94, 75) : 101
(91, 71) : 149
(112, 192) : 65
(113, 214) : 69
(214, 213) : 72
(75, 56) : 87
(154, 114) : 79
(193, 213) : 147
(74, 132) : 62
(193, 112) : 74
(151, 212) : 66
(213, 132) : 94
(151, 111) : 128
(94, 153) : 54
(172, 92) : 61
(172, 213) : 158
(75, 74) : 99
(89, 90) : 83
(235, 215) : 53
(91, 92) : 71
(71, 52) : 52
(93, 94) : 81
(173, 172) : 83
(172, 152) : 268
(110, 91) : 98
(234, 254) : 62
(235, 214) : 85
(70, 71) : 71
(193, 192) : 82
(70, 90) : 69
(172, 91) : 69
(133, 113) : 143
(130, 149) : 52
(214, 172) : 85
(155, 135) : 63
(52, 71) : 52
(233, 254) : 54
(192, 234) : 51
(112, 111) : 83
(172, 234) : 80
(214, 193) : 153
(92, 93) : 81
(55, 75) : 80
(174, 153) : 84
(153, 94) : 54
(111, 132) : 62
(214, 215) : 56
(172, 151) : 158
(93, 113) : 127
(212, 151) : 66
(150, 170) : 79
(192, 213) : 126
(234, 132) : 59
(153, 132) : 71
(172, 173) : 83
(57, 56) : 71
(170, 110) : 55
(151, 192) : 138
(132, 152) : 227
(215, 236) : 58
(151, 91) : 84
(173, 74) : 51
(150, 110) : 103
(75, 94) : 101
(135, 155) : 63
(134, 154) : 115
(152, 234) : 68
(109, 89) : 52
(132, 234) : 59
(90, 110) : 124
(93, 74) : 121
(194, 113) : 54
(113, 172) : 55
(94, 114) : 85
(131, 132) : 105
(91, 151) : 84
(75, 113) : 57
(133, 234) : 51
(192, 111) : 77
(130, 129) : 71
(132, 173) : 90
(215, 195) : 61
(113, 152) : 68
(173, 215) : 52
(173, 93) : 71
(254, 152) : 52
(153, 74) : 53
(74, 94) : 94
(112, 73) : 62
(113, 93) : 127
(171, 130) : 59
(131, 193) : 75
(92, 73) : 83
(215, 174) : 60
(111, 171) : 77
(152, 151) : 114
(111, 112) : 83
(131, 110) : 54
(255, 193) : 57
(212, 131) : 56
(111, 150) : 65
(73, 74) : 99
(91, 130) : 82
(214, 234) : 92
(75, 76) : 83
(213, 214) : 72
(152, 91) : 50
(150, 111) : 65
(173, 112) : 61
(233, 132) : 51
(134, 174) : 76
(93, 92) : 81
(212, 172) : 67
(214, 152) : 91
(193, 172) : 175
(254, 172) : 52
(134, 75) : 51
(132, 111) : 62
(152, 132) : 227
(93, 153) : 72
(94, 134) : 53
(131, 152) : 127
(194, 215) : 87
(170, 150) : 79
(94, 93) : 81
(95, 114) : 66
(74, 113) : 86
(151, 92) : 53
(175, 195) : 70
(94, 56) : 56
(93, 173) : 71
(131, 213) : 67
(193, 131) : 75
(111, 152) : 77
(112, 93) : 112
(212, 171) : 52
(233, 151) : 52
(89, 109) : 52
(131, 92) : 64
(114, 95) : 66
(171, 172) : 89
(112, 172) : 103
(133, 94) : 67
(254, 193) : 60
(214, 173) : 128
(150, 91) : 56
(234, 172) : 80
(114, 154) : 79
(213, 254) : 73
(193, 235) : 67
(153, 214) : 88
(110, 150) : 103
(153, 93) : 72
(151, 150) : 55
(91, 172) : 69
(233, 192) : 80
(193, 132) : 118
(233, 152) : 63
(174, 134) : 76
(236, 215) : 58
(132, 93) : 97
(174, 114) : 64
(134, 95) : 54
(74, 153) : 53
(213, 112) : 59
(131, 151) : 222
(214, 255) : 55
(93, 133) : 73
(113, 132) : 84
(111, 172) : 97
(131, 172) : 156
(195, 175) : 70
(133, 114) : 61
(111, 192) : 77
(51, 91) : 54
(153, 193) : 102
(76, 75) : 83
(110, 131) : 54
(234, 192) : 51
(53, 71) : 56
(130, 90) : 69
(56, 94) : 56
(173, 152) : 112
(153, 114) : 51
(254, 233) : 54
(192, 172) : 216
(152, 153) : 70
(131, 233) : 53
(130, 131) : 87
(130, 110) : 180
(114, 134, 94) : 50
(93, 132, 74) : 55
(173, 193, 152) : 80
(54, 72, 53) : 54
(172, 173, 152) : 57
(193, 131, 172) : 63
(131, 91, 151) : 68
(152, 213, 193) : 80
(192, 151, 111) : 60
(172, 151, 213) : 56
(193, 214, 173) : 99
(173, 214, 133) : 53
(152, 233, 172) : 59
(131, 172, 152) : 89
(172, 213, 151) : 56
(152, 132, 92) : 50
(194, 154, 174) : 55
(151, 131, 172) : 111
(93, 133, 113) : 70
(151, 193, 172) : 59
(132, 192, 152) : 75
(234, 193, 213) : 83
(93, 113, 132) : 58
(193, 152, 172) : 129
(172, 152, 93) : 51
(153, 133, 173) : 107
(213, 152, 193) : 80
(172, 193, 234) : 58
(133, 74, 113) : 50
(192, 151, 171) : 84
(111, 131, 151) : 118
(153, 193, 133) : 63
(153, 194, 174) : 53
(172, 192, 151) : 102
(71, 91, 111) : 84
(174, 153, 194) : 53
(173, 133, 214) : 53
(234, 193, 173) : 76
(75, 74, 55) : 52
(172, 192, 111) : 58
(91, 111, 71) : 84
(130, 111, 110) : 50
(172, 152, 132) : 154
(91, 51, 71) : 53
(151, 172, 213) : 56
(213, 132, 152) : 84
(213, 152, 233) : 54
(111, 172, 151) : 62
(93, 173, 153) : 55
(192, 171, 172) : 55
(111, 131, 171) : 67
(173, 112, 132) : 53
(172, 151, 171) : 68
(152, 132, 172) : 154
(92, 112, 93) : 56
(174, 154, 114) : 53
(173, 152, 214) : 51
(192, 171, 151) : 84
(172, 233, 152) : 59
(194, 193, 173) : 60
(174, 154, 134) : 69
(214, 153, 193) : 57
(132, 93, 172) : 52
(193, 132, 213) : 60
(134, 174, 154) : 69
(193, 173, 133) : 68
(172, 132, 192) : 85
(153, 174, 194) : 53
(193, 194, 173) : 60
(172, 112, 152) : 88
(213, 112, 132) : 53
(234, 152, 213) : 51
(193, 213, 254) : 51
(213, 193, 152) : 80
(172, 151, 152) : 71
(114, 94, 134) : 50
(194, 153, 173) : 77
(254, 213, 193) : 51
(214, 173, 152) : 51
(152, 193, 213) : 80
(193, 172, 214) : 77
(151, 131, 152) : 64
(193, 254, 213) : 51
(193, 172, 112) : 50
(55, 74, 75) : 52
(170, 130, 150) : 69
(110, 130, 150) : 100
(193, 213, 234) : 83
(131, 151, 171) : 103
(75, 94, 56) : 51
(152, 132, 192) : 75
(151, 111, 192) : 60
(133, 113, 74) : 50
(114, 94, 75) : 56
(213, 234, 193) : 83
(93, 92, 112) : 56
(173, 194, 214) : 70
(192, 172, 132) : 85
(131, 192, 212) : 50
(132, 213, 193) : 60
(74, 93, 112) : 58
(94, 93, 113) : 58
(130, 111, 150) : 56
(112, 151, 131) : 58
(152, 132, 113) : 59
(152, 173, 172) : 57
(92, 152, 132) : 50
(193, 213, 152) : 80
(133, 113, 153) : 95
(131, 212, 151) : 51
(172, 152, 233) : 59
(132, 112, 172) : 90
(151, 111, 172) : 62
(172, 213, 131) : 59
(152, 173, 193) : 80
(151, 192, 111) : 60
(93, 112, 132) : 82
(71, 110, 90) : 51
(153, 214, 194) : 51
(152, 193, 132) : 107
(131, 91, 172) : 54
(172, 111, 91) : 54
(132, 92, 112) : 80
(154, 174, 194) : 55
(93, 153, 173) : 55
(233, 213, 152) : 54
(152, 113, 132) : 59
(111, 131, 192) : 64
(111, 172, 152) : 55
(131, 192, 151) : 96
(153, 93, 133) : 55
(131, 171, 111) : 67
(152, 131, 151) : 64
(213, 172, 152) : 114
(90, 71, 110) : 51
(153, 93, 113) : 62
(192, 111, 172) : 58
(74, 55, 56) : 50
(152, 172, 173) : 57
(193, 133, 173) : 68
(152, 112, 132) : 118
(171, 131, 192) : 63
(192, 213, 172) : 113
(131, 152, 132) : 58
(112, 111, 131) : 51
(131, 151, 212) : 51
(192, 111, 151) : 60
(133, 173, 113) : 70
(56, 94, 75) : 51
(130, 110, 151) : 57
(75, 56, 55) : 55
(130, 110, 90) : 68
(173, 153, 133) : 107
(131, 152, 151) : 64
(193, 214, 153) : 57
(172, 213, 233) : 63
(152, 213, 233) : 54
(233, 172, 213) : 63
(153, 93, 173) : 55
(55, 74, 56) : 50
(152, 132, 214) : 63
(132, 213, 172) : 78
(171, 172, 151) : 68
(234, 213, 152) : 51
(213, 192, 152) : 75
(153, 173, 133) : 107
(193, 152, 173) : 80
(194, 215, 174) : 50
(173, 93, 153) : 55
(212, 151, 131) : 51
(172, 131, 151) : 111
(113, 93, 133) : 70
(91, 71, 131) : 61
(130, 150, 110) : 100
(213, 172, 233) : 63
(71, 91, 110) : 52
(91, 71, 111) : 84
(111, 150, 130) : 56
(91, 172, 131) : 54
(214, 234, 193) : 74
(133, 93, 113) : 70
(193, 213, 172) : 91
(130, 91, 110) : 67
(172, 193, 173) : 57
(153, 194, 214) : 51
(111, 131, 71) : 60
(112, 193, 152) : 61
(174, 133, 153) : 53
(110, 111, 130) : 50
(91, 131, 172) : 54
(74, 113, 94) : 54
(152, 172, 132) : 154
(214, 193, 172) : 77
(214, 153, 194) : 51
(213, 233, 192) : 51
(172, 152, 193) : 129
(153, 174, 133) : 53
(193, 173, 194) : 60
(172, 193, 112) : 50
(172, 192, 152) : 136
(150, 170, 130) : 69
(71, 131, 111) : 60
(214, 193, 234) : 74
(214, 133, 153) : 52
(55, 93, 74) : 52
(193, 173, 132) : 63
(173, 133, 193) : 68
(213, 131, 192) : 55
(93, 172, 132) : 52
(152, 172, 214) : 60
(213, 234, 152) : 51
(111, 151, 172) : 62
(171, 151, 111) : 69
(93, 153, 133) : 55
(151, 152, 131) : 64
(172, 233, 192) : 65
(112, 132, 152) : 118
(193, 172, 151) : 59
(172, 131, 193) : 63
(193, 132, 152) : 107
(56, 75, 55) : 55
(113, 133, 153) : 95
(133, 153, 214) : 52
(150, 91, 130) : 51
(114, 174, 134) : 54
(214, 173, 153) : 80
(131, 172, 192) : 92
(131, 111, 112) : 51
(173, 172, 152) : 57
(171, 131, 111) : 67
(151, 172, 152) : 71
(213, 192, 233) : 51
(214, 194, 193) : 51
(56, 75, 94) : 51
(112, 172, 152) : 88
(193, 152, 112) : 61
(130, 91, 150) : 51
(73, 93, 74) : 60
(110, 71, 90) : 51
(174, 114, 154) : 53
(113, 173, 153) : 71
(152, 112, 172) : 88
(194, 173, 214) : 70
(193, 152, 213) : 80
(172, 132, 213) : 78
(110, 130, 91) : 67
(74, 93, 113) : 72
(172, 192, 233) : 65
(193, 112, 152) : 61
(234, 193, 214) : 74
(152, 132, 112) : 118
(93, 132, 172) : 52
(74, 112, 93) : 58
(213, 132, 193) : 60
(193, 192, 172) : 78
(153, 133, 113) : 95
(134, 114, 154) : 75
(194, 214, 173) : 70
(133, 153, 93) : 55
(153, 133, 194) : 62
(192, 131, 212) : 50
(112, 131, 111) : 51
(234, 172, 213) : 66
(133, 153, 174) : 53
(213, 173, 193) : 64
(192, 172, 213) : 113
(151, 131, 192) : 96
(72, 53, 54) : 54
(71, 110, 91) : 52
(152, 132, 131) : 58
(111, 112, 131) : 51
(193, 172, 213) : 91
(54, 53, 72) : 54
(133, 113, 93) : 70
(112, 132, 193) : 67
(213, 172, 151) : 56
(131, 172, 151) : 111
(131, 152, 111) : 62
(132, 213, 152) : 84
(152, 193, 172) : 129
(74, 93, 73) : 60
(153, 214, 133) : 52
(111, 130, 110) : 50
(152, 192, 132) : 75
(131, 111, 171) : 67
(195, 154, 174) : 55
(152, 151, 131) : 64
(91, 151, 111) : 64
(172, 193, 213) : 91
(112, 93, 74) : 58
(152, 234, 213) : 51
(93, 73, 74) : 60
(131, 111, 192) : 64
(90, 91, 110) : 51
(172, 112, 192) : 50
(132, 172, 112) : 90
(194, 174, 215) : 50
(172, 93, 132) : 52
(132, 112, 113) : 53
(152, 132, 193) : 107
(151, 213, 192) : 61
(90, 110, 130) : 68
(112, 93, 152) : 59
(132, 152, 193) : 107
(214, 173, 194) : 70
(153, 173, 194) : 77
(173, 93, 113) : 53
(193, 113, 173) : 54
(193, 172, 132) : 85
(192, 132, 172) : 85
(152, 213, 234) : 51
(213, 233, 152) : 54
(133, 153, 193) : 63
(235, 214, 173) : 51
(93, 74, 94) : 50
(152, 172, 131) : 89
(214, 193, 213) : 61
(152, 132, 213) : 84
(152, 131, 111) : 62
(94, 75, 74) : 60
(173, 214, 193) : 99
(90, 110, 71) : 51
(133, 193, 153) : 63
(111, 172, 91) : 54
(151, 171, 111) : 69
(113, 93, 132) : 58
(194, 153, 174) : 53
(213, 172, 234) : 66
(71, 91, 131) : 61
(172, 193, 151) : 59
(152, 192, 172) : 136
(74, 132, 93) : 55
(91, 71, 110) : 52
(151, 91, 111) : 64
(113, 93, 173) : 53
(172, 192, 112) : 50
(172, 171, 192) : 55
(152, 112, 193) : 61
(172, 131, 91) : 54
(153, 214, 173) : 80
(94, 74, 93) : 50
(131, 91, 111) : 107
(152, 93, 172) : 51
(214, 194, 173) : 70
(214, 193, 173) : 99
(132, 152, 93) : 69
(74, 73, 93) : 60
(131, 71, 111) : 60
(111, 172, 192) : 58
(172, 152, 131) : 89
(152, 111, 131) : 62
(153, 133, 193) : 63
(74, 93, 132) : 55
(91, 130, 150) : 51
(213, 172, 192) : 113
(214, 193, 235) : 58
(193, 173, 234) : 76
(93, 152, 112) : 59
(192, 131, 151) : 96
(193, 172, 173) : 57
(132, 213, 112) : 53
(152, 172, 213) : 114
(131, 151, 112) : 58
(153, 173, 234) : 59
(152, 173, 214) : 51
(172, 173, 193) : 57
(192, 172, 171) : 55
(93, 113, 153) : 62
(112, 172, 193) : 50
(193, 173, 172) : 57
(173, 133, 153) : 107
(113, 112, 132) : 53
(151, 91, 131) : 68
(171, 192, 151) : 84
(131, 172, 193) : 63
(113, 193, 173) : 54
(193, 153, 234) : 52
(173, 213, 193) : 64
(193, 173, 213) : 64
(172, 132, 112) : 90
(55, 56, 74) : 50
(172, 171, 131) : 54
(130, 150, 91) : 51
(74, 94, 93) : 50
(153, 194, 173) : 77
(110, 71, 91) : 52
(173, 194, 193) : 60
(192, 213, 233) : 51
(111, 151, 131) : 118
(151, 172, 192) : 102
(113, 94, 74) : 54
(110, 130, 90) : 68
(112, 152, 172) : 88
(213, 192, 172) : 113
(194, 174, 153) : 53
(151, 192, 212) : 60
(74, 113, 93) : 72
(212, 192, 151) : 60
(193, 153, 214) : 57
(172, 192, 193) : 78
(172, 111, 131) : 80
(174, 194, 215) : 50
(192, 131, 213) : 55
(71, 51, 91) : 53
(132, 152, 173) : 74
(192, 172, 212) : 66
(132, 131, 152) : 58
(173, 153, 214) : 80
(94, 75, 114) : 56
(150, 110, 130) : 100
(133, 173, 214) : 53
(112, 132, 93) : 82
(113, 173, 133) : 70
(93, 112, 92) : 56
(213, 254, 193) : 51
(212, 172, 192) : 66
(130, 110, 91) : 67
(113, 132, 93) : 58
(111, 91, 71) : 84
(111, 91, 131) : 107
(94, 113, 93) : 58
(131, 112, 111) : 51
(152, 193, 173) : 80
(172, 234, 213) : 66
(132, 152, 92) : 50
(112, 172, 93) : 51
(131, 132, 152) : 58
(113, 153, 93) : 62
(152, 112, 92) : 55
(172, 193, 214) : 77
(154, 174, 134) : 69
(55, 75, 74) : 52
(233, 152, 172) : 59
(93, 55, 74) : 52
(192, 172, 131) : 92
(192, 213, 151) : 61
(114, 134, 174) : 54
(193, 194, 214) : 51
(112, 74, 93) : 58
(233, 192, 172) : 65
(174, 195, 154) : 55
(152, 131, 172) : 89
(110, 130, 170) : 51
(132, 152, 131) : 58
(172, 193, 152) : 129
(234, 214, 173) : 65
(91, 111, 172) : 54
(172, 151, 131) : 111
(213, 132, 172) : 78
(152, 214, 132) : 63
(174, 134, 154) : 69
(193, 213, 173) : 64
(152, 214, 193) : 76
(132, 152, 192) : 75
(213, 193, 132) : 60
(173, 214, 152) : 51
(214, 173, 193) : 99
(110, 150, 130) : 100
(110, 91, 71) : 52
(53, 72, 54) : 54
(192, 193, 172) : 78
(173, 132, 193) : 63
(93, 172, 112) : 51
(151, 130, 110) : 57
(173, 214, 194) : 70
(132, 93, 112) : 82
(113, 132, 152) : 59
(132, 214, 193) : 57
(153, 133, 174) : 53
(173, 132, 152) : 74
(132, 173, 193) : 63
(75, 55, 74) : 52
(234, 213, 193) : 83
(154, 134, 174) : 69
(94, 113, 74) : 54
(111, 110, 130) : 50
(113, 133, 74) : 50
(111, 192, 151) : 60
(172, 233, 213) : 63
(113, 93, 74) : 72
(74, 93, 94) : 50
(130, 170, 110) : 51
(51, 71, 91) : 53
(192, 212, 151) : 60
(131, 111, 71) : 60
(172, 131, 192) : 92
(133, 214, 173) : 53
(173, 153, 193) : 93
(91, 111, 151) : 64
(233, 213, 172) : 63
(173, 113, 153) : 71
(173, 153, 234) : 59
(131, 91, 71) : 61
(73, 74, 93) : 60
(173, 193, 133) : 68
(111, 131, 152) : 62
(172, 151, 193) : 59
(173, 193, 113) : 54
(93, 132, 112) : 82
(172, 214, 193) : 77
(151, 112, 131) : 58
(171, 111, 131) : 67
(112, 172, 192) : 50
(172, 111, 152) : 55
(113, 94, 133) : 50
(172, 213, 152) : 114
(113, 173, 193) : 54
(151, 111, 171) : 69
(111, 152, 172) : 55
(233, 192, 213) : 51
(192, 233, 213) : 51
(134, 94, 114) : 50
(173, 133, 113) : 70
(55, 56, 75) : 55
(134, 154, 114) : 75
(111, 131, 112) : 51
(213, 152, 172) : 114
(113, 133, 93) : 70
(133, 93, 153) : 55
(134, 114, 174) : 54
(152, 192, 213) : 75
(212, 131, 192) : 50
(193, 152, 234) : 54
(192, 131, 172) : 92
(75, 94, 114) : 56
(111, 172, 131) : 80
(173, 152, 132) : 74
(151, 192, 213) : 61
(130, 170, 150) : 69
(214, 132, 193) : 57
(111, 151, 171) : 69
(113, 173, 93) : 53
(132, 192, 172) : 85
(192, 213, 152) : 75
(152, 172, 112) : 88
(130, 110, 150) : 100
(193, 151, 172) : 59
(91, 90, 110) : 51
(193, 234, 153) : 52
(172, 152, 213) : 114
(235, 214, 193) : 58
(173, 214, 234) : 65
(130, 110, 111) : 50
(112, 132, 92) : 80
(51, 91, 71) : 53
(112, 92, 93) : 56
(111, 152, 131) : 62
(214, 235, 173) : 51
(152, 112, 93) : 59
(233, 172, 192) : 65
(153, 113, 93) : 62
(56, 55, 74) : 50
(153, 194, 133) : 62
(131, 193, 172) : 63
(213, 152, 234) : 51
(133, 94, 113) : 50
(214, 194, 153) : 51
(171, 192, 172) : 55
(153, 193, 173) : 93
(151, 172, 131) : 111
(132, 172, 193) : 85
(133, 194, 153) : 62
(94, 93, 74) : 50
(212, 151, 192) : 60
(92, 93, 112) : 56
(91, 150, 130) : 51
(192, 172, 112) : 50
(133, 173, 193) : 68
(173, 193, 172) : 57
(193, 173, 113) : 54
(173, 234, 214) : 65
(234, 152, 193) : 54
(234, 153, 173) : 59
(173, 214, 153) : 80
(131, 192, 111) : 64
(152, 172, 111) : 55
(132, 112, 152) : 118
(93, 152, 132) : 69
(172, 132, 152) : 154
(194, 153, 133) : 62
(132, 172, 93) : 52
(112, 93, 92) : 56
(93, 112, 152) : 59
(170, 130, 110) : 51
(132, 113, 93) : 58
(74, 75, 55) : 52
(94, 56, 75) : 51
(113, 132, 112) : 53
(173, 193, 234) : 76
(75, 56, 94) : 51
(74, 94, 75) : 60
(110, 91, 130) : 67
(173, 194, 153) : 77
(152, 173, 132) : 74
(93, 113, 74) : 72
(113, 74, 133) : 50
(153, 234, 173) : 59
(113, 94, 93) : 58
(151, 152, 172) : 71
(172, 112, 132) : 90
(152, 233, 213) : 54
(94, 114, 75) : 56
(131, 172, 111) : 80
(152, 214, 173) : 51
(75, 94, 74) : 60
(91, 110, 71) : 52
(74, 56, 55) : 50
(132, 173, 112) : 53
(173, 193, 194) : 60
(154, 134, 114) : 75
(91, 130, 110) : 67
(213, 192, 151) : 61
(151, 110, 130) : 57
(192, 131, 111) : 64
(213, 193, 214) : 61
(214, 153, 133) : 52
(94, 134, 114) : 50
(173, 153, 93) : 55
(213, 131, 172) : 59
(193, 172, 192) : 78
(75, 114, 94) : 56
(74, 55, 75) : 52
(151, 171, 131) : 103
(173, 193, 132) : 63
(172, 93, 112) : 51
(193, 214, 194) : 51
(173, 113, 193) : 54
(174, 134, 114) : 54
(194, 174, 154) : 55
(150, 130, 110) : 100
(235, 173, 214) : 51
(173, 172, 193) : 57
(193, 214, 132) : 57
(192, 151, 131) : 96
(112, 173, 132) : 53
(192, 151, 212) : 60
(152, 213, 132) : 84
(131, 151, 91) : 68
(152, 93, 112) : 59
(213, 151, 172) : 56
(56, 74, 55) : 50
(112, 93, 172) : 51
(132, 92, 152) : 50
(195, 174, 154) : 55
(215, 174, 194) : 50
(192, 111, 131) : 64
(193, 173, 214) : 99
(131, 111, 151) : 118
(213, 233, 172) : 63
(71, 131, 91) : 61
(153, 113, 133) : 95
(74, 133, 113) : 50
(234, 214, 193) : 74
(193, 112, 172) : 50
(214, 173, 133) : 53
(213, 152, 132) : 84
(131, 111, 172) : 80
(173, 193, 213) : 64
(92, 112, 132) : 80
(93, 74, 73) : 60
(192, 112, 172) : 50
(213, 193, 172) : 91
(213, 172, 132) : 78
(132, 113, 152) : 59
(154, 195, 174) : 55
(172, 132, 193) : 85
(172, 192, 131) : 92
(111, 130, 150) : 56
(93, 74, 112) : 58
(112, 152, 93) : 59
(214, 172, 193) : 77
(192, 172, 111) : 58
(173, 214, 235) : 51
(152, 92, 132) : 50
(130, 150, 111) : 56
(111, 151, 91) : 64
(133, 113, 94) : 50
(131, 112, 151) : 58
(171, 151, 131) : 103
(131, 151, 172) : 111
(214, 235, 193) : 58
(132, 193, 172) : 85
(193, 234, 152) : 54
(56, 55, 75) : 55
(112, 193, 172) : 50
(172, 131, 213) : 59
(254, 193, 213) : 51
(193, 234, 172) : 58
(192, 152, 172) : 136
(194, 173, 152) : 50
(194, 214, 153) : 51
(133, 113, 173) : 70
(113, 153, 133) : 95
(172, 213, 234) : 66
(132, 172, 192) : 85
(173, 235, 214) : 51
(151, 131, 212) : 51
(111, 171, 151) : 69
(172, 112, 93) : 51
(133, 193, 173) : 68
(131, 213, 172) : 59
(91, 131, 111) : 107
(151, 172, 171) : 68
(173, 113, 93) : 53
(112, 152, 193) : 61
(214, 173, 234) : 65
(132, 152, 113) : 59
(193, 112, 132) : 67
(151, 213, 172) : 56
(193, 214, 234) : 74
(113, 74, 93) : 72
(192, 172, 152) : 136
(133, 173, 153) : 107
(193, 172, 131) : 63
(133, 153, 113) : 95
(111, 91, 151) : 64
(133, 153, 194) : 62
(212, 131, 151) : 51
(174, 154, 195) : 55
(192, 172, 193) : 78
(132, 214, 152) : 63
(193, 214, 172) : 77
(172, 234, 193) : 58
(93, 152, 172) : 51
(111, 91, 172) : 54
(213, 172, 193) : 91
(172, 91, 131) : 54
(93, 173, 113) : 53
(174, 114, 134) : 54
(112, 93, 132) : 82
(131, 172, 171) : 54
(130, 90, 110) : 68
(94, 74, 75) : 60
(172, 213, 132) : 78
(151, 171, 192) : 84
(174, 215, 194) : 50
(193, 132, 214) : 57
(94, 74, 113) : 54
(93, 112, 74) : 58
(171, 151, 192) : 84
(110, 91, 90) : 51
(173, 152, 172) : 57
(172, 151, 111) : 62
(134, 174, 114) : 54
(91, 151, 131) : 68
(193, 234, 213) : 83
(93, 94, 113) : 58
(111, 71, 91) : 84
(152, 234, 193) : 54
(130, 151, 110) : 57
(110, 90, 91) : 51
(172, 193, 192) : 78
(74, 93, 55) : 52
(131, 151, 152) : 64
(234, 193, 172) : 58
(132, 112, 93) : 82
(171, 172, 192) : 55
(74, 113, 133) : 50
(91, 131, 71) : 61
(213, 193, 234) : 83
(233, 152, 213) : 54
(154, 194, 174) : 55
(213, 193, 254) : 51
(172, 111, 192) : 58
(215, 194, 174) : 50
(93, 74, 55) : 52
(132, 152, 214) : 63
(172, 152, 151) : 71
(74, 75, 94) : 60
(152, 214, 172) : 60
(72, 54, 53) : 54
(154, 174, 114) : 53
(93, 94, 74) : 50
(174, 153, 133) : 53
(173, 234, 153) : 59
(172, 152, 214) : 60
(192, 151, 172) : 102
(93, 74, 132) : 55
(171, 172, 131) : 54
(234, 213, 172) : 66
(193, 153, 173) : 93
(193, 235, 214) : 58
(152, 213, 172) : 114
(233, 172, 152) : 59
(71, 90, 110) : 51
(192, 151, 213) : 61
(234, 173, 193) : 76
(171, 131, 172) : 54
(151, 111, 91) : 64
(152, 92, 112) : 55
(152, 172, 93) : 51
(114, 134, 154) : 75
(131, 111, 152) : 62
(213, 234, 172) : 66
(192, 212, 172) : 66
(153, 113, 173) : 71
(234, 153, 193) : 52
(151, 212, 131) : 51
(193, 132, 172) : 85
(172, 192, 171) : 55
(112, 92, 132) : 80
(152, 132, 93) : 69
(93, 74, 113) : 72
(234, 173, 214) : 65
(112, 152, 92) : 55
(112, 132, 173) : 53
(214, 152, 132) : 63
(213, 132, 112) : 53
(112, 172, 132) : 90
(111, 171, 131) : 67
(174, 194, 154) : 55
(113, 93, 153) : 62
(152, 172, 193) : 129
(192, 131, 171) : 63
(192, 172, 151) : 102
(151, 131, 112) : 58
(132, 193, 173) : 63
(112, 113, 132) : 53
(92, 152, 112) : 55
(130, 150, 170) : 69
(134, 154, 174) : 69
(152, 193, 214) : 76
(193, 234, 173) : 76
(194, 173, 153) : 77
(131, 172, 213) : 59
(131, 171, 151) : 103
(114, 154, 134) : 75
(112, 193, 132) : 67
(153, 133, 214) : 52
(152, 193, 234) : 54
(172, 171, 151) : 68
(234, 172, 193) : 58
(172, 131, 152) : 89
(192, 152, 132) : 75
(172, 112, 193) : 50
(131, 171, 172) : 54
(113, 153, 173) : 71
(172, 192, 132) : 85
(214, 173, 235) : 51
(132, 152, 112) : 118
(71, 111, 131) : 60
(212, 192, 131) : 50
(193, 214, 235) : 58
(113, 74, 94) : 54
(132, 193, 213) : 60
(193, 173, 152) : 80
(170, 150, 130) : 69
(152, 111, 172) : 55
(111, 131, 91) : 107
(174, 154, 194) : 55
(152, 151, 172) : 71
(213, 214, 193) : 61
(214, 153, 173) : 80
(71, 91, 51) : 53
(193, 152, 214) : 76
(131, 192, 171) : 63
(172, 91, 111) : 54
(132, 74, 93) : 55
(214, 213, 193) : 61
(234, 193, 152) : 54
(214, 152, 173) : 51
(192, 172, 233) : 65
(152, 93, 132) : 69
(213, 151, 192) : 61
(193, 153, 133) : 63
(134, 114, 94) : 50
(94, 113, 133) : 50
(172, 131, 171) : 54
(131, 151, 192) : 96
(92, 112, 152) : 55
(92, 132, 152) : 50
(193, 234, 214) : 74
(194, 214, 193) : 51
(153, 173, 214) : 80
(91, 71, 51) : 53
(151, 171, 172) : 68
(153, 193, 214) : 57
(172, 192, 213) : 113
(172, 111, 151) : 62
(93, 172, 152) : 51
(172, 152, 112) : 88
(53, 54, 72) : 54
(151, 172, 111) : 62
(132, 113, 112) : 53
(154, 114, 174) : 53
(111, 71, 131) : 60
(173, 153, 194) : 77
(170, 110, 130) : 51
(172, 214, 152) : 60
(132, 112, 92) : 80
(214, 193, 152) : 76
(172, 152, 173) : 57
(172, 132, 93) : 52
(235, 193, 214) : 58
(172, 93, 152) : 51
(132, 172, 152) : 154
(150, 111, 130) : 56
(152, 172, 233) : 59
(153, 173, 93) : 55
(151, 192, 171) : 84
(132, 152, 213) : 84
(151, 172, 193) : 59
(173, 113, 133) : 70
(132, 193, 112) : 67
(133, 153, 173) : 107
(152, 172, 151) : 71
(171, 151, 172) : 68
(153, 133, 93) : 55
(172, 152, 192) : 136
(113, 152, 132) : 59
(55, 75, 56) : 55
(94, 114, 134) : 50
(113, 133, 173) : 70
(94, 133, 113) : 50
(214, 132, 152) : 63
(152, 194, 173) : 50
(113, 133, 94) : 50
(172, 193, 131) : 63
(131, 192, 213) : 55
(132, 93, 74) : 55
(94, 75, 56) : 51
(192, 132, 152) : 75
(194, 193, 214) : 51
(131, 111, 91) : 107
(214, 172, 152) : 60
(193, 133, 153) : 63
(91, 110, 130) : 67
(133, 214, 153) : 52
(193, 172, 152) : 129
(193, 132, 173) : 63
(112, 92, 152) : 55
(110, 151, 130) : 57
(150, 130, 170) : 69
(173, 193, 153) : 93
(55, 74, 93) : 52
(193, 214, 213) : 61
(194, 153, 214) : 51
(112, 132, 172) : 90
(131, 71, 91) : 61
(192, 233, 172) : 65
(90, 110, 91) : 51
(193, 214, 152) : 76
(174, 194, 153) : 53
(74, 55, 93) : 52
(152, 213, 192) : 75
(152, 172, 192) : 136
(171, 111, 151) : 69
(93, 133, 153) : 55
(111, 192, 131) : 64
(75, 55, 56) : 55
(153, 173, 193) : 93
(214, 193, 132) : 57
(112, 213, 132) : 53
(193, 213, 214) : 61
(193, 152, 132) : 107
(213, 193, 173) : 64
(93, 153, 113) : 62
(213, 192, 131) : 55
(93, 113, 173) : 53
(92, 132, 112) : 80
(93, 132, 152) : 69
(91, 110, 90) : 51
(173, 132, 112) : 53
(93, 113, 133) : 70
(91, 111, 131) : 107
(110, 130, 111) : 50
(172, 151, 192) : 102
(173, 152, 193) : 80
(213, 152, 192) : 75
(194, 173, 193) : 60
(111, 192, 172) : 58
(112, 152, 132) : 118
(114, 154, 174) : 53
(212, 192, 172) : 66
(110, 170, 130) : 51
(150, 130, 91) : 51
(131, 151, 111) : 118
(151, 212, 192) : 60
(91, 172, 111) : 54
(132, 193, 214) : 57
(132, 112, 213) : 53
(130, 110, 170) : 51
(172, 152, 111) : 55
(192, 152, 213) : 75
(112, 192, 172) : 50
(152, 132, 173) : 74
(153, 173, 113) : 71
(131, 192, 172) : 92
(114, 75, 94) : 56
(173, 152, 194) : 50
(234, 193, 153) : 52
(152, 131, 132) : 58
(214, 152, 172) : 60
(112, 131, 151) : 58
(214, 152, 193) : 76
(192, 171, 131) : 63
(172, 213, 192) : 113
(74, 94, 113) : 54
(151, 192, 172) : 102
(171, 131, 151) : 103
(234, 173, 153) : 59
(193, 172, 234) : 58
(172, 192, 212) : 66
(93, 132, 113) : 58
(173, 153, 113) : 71
(132, 172, 213) : 78
(131, 172, 91) : 54
(110, 90, 130) : 68
(150, 130, 111) : 56
(172, 131, 111) : 80
(110, 130, 151) : 57
(192, 213, 131) : 55
(151, 131, 91) : 68
(214, 193, 194) : 51
(131, 212, 192) : 50
(214, 234, 173) : 65
(153, 234, 193) : 52
(193, 173, 153) : 93
(214, 193, 153) : 57
(133, 174, 153) : 53
(172, 193, 132) : 85
(114, 174, 154) : 53
(132, 93, 152) : 69
(131, 171, 192) : 63
(110, 90, 71) : 51
(173, 234, 193) : 76
(132, 112, 193) : 67
(91, 131, 151) : 68
(173, 194, 152) : 50
(113, 93, 94) : 58
(93, 112, 172) : 51
(213, 172, 131) : 59
(172, 213, 193) : 91
(132, 112, 173) : 53
(194, 133, 153) : 62
(71, 111, 91) : 84
(151, 131, 171) : 103
(192, 212, 131) : 50
(151, 192, 131) : 96
(151, 131, 111) : 118
(233, 213, 192) : 51
(152, 193, 112) : 61
(172, 212, 192) : 66
(153, 214, 193) : 57
(132, 193, 152) : 107
(93, 113, 94) : 58
(214, 133, 173) : 53
(112, 132, 213) : 53
(153, 193, 234) : 52
(152, 173, 194) : 50
(90, 130, 110) : 68
(154, 174, 195) : 55
(171, 192, 131) : 63
(111, 131, 172) : 80
(132, 173, 152) : 74
(132, 93, 113) : 58
(193, 213, 132) : 60
(112, 132, 113) : 53
(194, 152, 173) : 50
(173, 193, 214) : 99
(151, 111, 131) : 118
(132, 152, 172) : 154
(193, 132, 112) : 67
(75, 74, 94) : 60
(131, 213, 192) : 55
(111, 151, 192) : 60
(131, 152, 172) : 89
(154, 114, 134) : 75
(131, 172, 151, 111) : 57
(233, 152, 172, 213) : 51
(151, 192, 111, 131) : 55
(213, 172, 192, 152) : 74
(151, 91, 131, 111) : 59
(152, 132, 193, 173) : 57
(131, 192, 213, 172) : 50
(151, 111, 171, 131) : 63
(213, 192, 151, 172) : 51
(192, 172, 151, 131) : 70
(193, 152, 132, 112) : 59
(132, 213, 152, 172) : 72
(172, 192, 151, 213) : 51
(152, 192, 132, 172) : 74
(151, 192, 171, 131) : 60
(152, 213, 172, 193) : 68
(152, 172, 192, 213) : 74
(132, 152, 172, 112) : 84
(113, 133, 173, 153) : 62
(111, 131, 91, 151) : 59
(214, 193, 132, 152) : 51
(93, 113, 153, 133) : 54
(131, 111, 192, 151) : 55
(213, 131, 192, 172) : 50
(193, 153, 173, 133) : 58
(112, 152, 132, 93) : 55
(214, 193, 234, 173) : 53
(153, 173, 193, 214) : 53
(111, 151, 171, 131) : 63
(192, 151, 131, 172) : 70
(213, 172, 152, 132) : 72
(213, 152, 172, 193) : 68
(132, 152, 213, 172) : 72
(213, 172, 192, 131) : 50
(132, 112, 152, 193) : 59
(152, 214, 172, 193) : 52
(152, 193, 213, 172) : 68
(193, 172, 132, 152) : 80
(193, 214, 234, 173) : 53
(111, 131, 192, 151) : 55
(193, 234, 173, 214) : 53
(214, 153, 193, 173) : 53
(133, 93, 113, 153) : 54
(132, 112, 193, 152) : 59
(71, 111, 91, 131) : 57
(71, 111, 131, 91) : 57
(152, 172, 132, 213) : 72
(151, 111, 192, 131) : 55
(213, 152, 132, 193) : 57
(131, 172, 192, 213) : 50
(133, 173, 153, 113) : 62
(193, 132, 152, 214) : 51
(214, 234, 193, 173) : 53
(152, 213, 233, 172) : 51
(213, 192, 172, 152) : 74
(132, 93, 112, 152) : 55
(172, 192, 152, 132) : 74
(131, 192, 151, 171) : 60
(151, 172, 131, 192) : 70
(173, 133, 153, 193) : 58
(193, 214, 153, 173) : 53
(192, 131, 172, 151) : 70
(193, 214, 172, 152) : 52
(193, 173, 234, 214) : 53
(153, 113, 173, 133) : 62
(132, 152, 193, 173) : 57
(172, 131, 213, 192) : 50
(132, 152, 193, 112) : 59
(193, 132, 152, 172) : 80
(131, 171, 192, 151) : 60
(111, 91, 71, 131) : 57
(172, 193, 214, 152) : 52
(173, 153, 214, 193) : 53
(192, 132, 172, 152) : 74
(71, 91, 111, 131) : 57
(193, 112, 152, 132) : 59
(233, 213, 172, 152) : 51
(132, 213, 172, 152) : 72
(193, 152, 132, 173) : 57
(131, 151, 192, 172) : 70
(172, 213, 192, 151) : 51
(132, 173, 193, 152) : 57
(153, 113, 133, 173) : 62
(214, 152, 193, 132) : 51
(151, 111, 91, 131) : 59
(151, 171, 131, 111) : 63
(152, 172, 193, 214) : 52
(133, 193, 173, 153) : 58
(151, 172, 213, 192) : 51
(172, 214, 152, 193) : 52
(172, 213, 151, 192) : 51
(151, 192, 213, 172) : 51
(132, 172, 112, 152) : 84
(152, 93, 132, 112) : 55
(151, 131, 192, 172) : 70
(131, 151, 192, 111) : 55
(213, 172, 192, 151) : 51
(153, 173, 193, 133) : 58
(152, 132, 193, 172) : 80
(214, 193, 152, 172) : 52
(172, 151, 192, 131) : 70
(172, 193, 152, 214) : 52
(193, 133, 153, 173) : 58
(193, 173, 152, 132) : 57
(131, 111, 151, 91) : 59
(192, 111, 151, 131) : 55
(193, 214, 173, 234) : 53
(172, 131, 151, 192) : 70
(152, 132, 172, 192) : 74
(132, 214, 193, 152) : 51
(131, 171, 151, 111) : 63
(213, 192, 131, 172) : 50
(234, 193, 173, 214) : 53
(172, 131, 151, 111) : 57
(153, 133, 173, 113) : 62
(152, 213, 172, 192) : 74
(214, 193, 152, 132) : 51
(193, 152, 112, 132) : 59
(132, 213, 193, 152) : 57
(113, 93, 153, 133) : 54
(132, 192, 152, 172) : 74
(152, 132, 193, 112) : 59
(171, 111, 131, 151) : 63
(193, 173, 153, 214) : 53
(152, 193, 132, 173) : 57
(151, 171, 131, 192) : 60
(152, 132, 192, 172) : 74
(151, 111, 131, 91) : 59
(193, 132, 214, 152) : 51
(132, 172, 152, 112) : 84
(151, 172, 192, 131) : 70
(153, 133, 93, 113) : 54
(131, 213, 172, 192) : 50
(173, 132, 152, 193) : 57
(132, 192, 172, 152) : 74
(213, 152, 172, 192) : 74
(171, 151, 131, 111) : 63
(133, 113, 173, 153) : 62
(112, 132, 193, 152) : 59
(111, 131, 151, 171) : 63
(131, 172, 151, 192) : 70
(132, 112, 172, 152) : 84
(214, 193, 173, 153) : 53
(112, 93, 132, 152) : 55
(173, 214, 234, 193) : 53
(172, 132, 152, 213) : 72
(193, 152, 213, 132) : 57
(152, 213, 172, 132) : 72
(131, 213, 192, 172) : 50
(172, 213, 152, 132) : 72
(151, 192, 172, 131) : 70
(152, 213, 132, 193) : 57
(233, 172, 213, 152) : 51
(133, 153, 173, 193) : 58
(151, 131, 111, 192) : 55
(214, 172, 152, 193) : 52
(193, 132, 152, 213) : 57
(193, 172, 152, 214) : 52
(193, 112, 132, 152) : 59
(111, 151, 131, 172) : 57
(213, 192, 172, 151) : 51
(132, 193, 214, 152) : 51
(133, 113, 153, 173) : 62
(193, 153, 173, 214) : 53
(192, 131, 151, 111) : 55
(112, 152, 172, 132) : 84
(213, 172, 152, 193) : 68
(193, 152, 132, 214) : 51
(172, 213, 131, 192) : 50
(132, 112, 152, 93) : 55
(151, 192, 131, 172) : 70
(131, 192, 151, 111) : 55
(112, 172, 132, 152) : 84
(193, 132, 172, 152) : 80
(152, 172, 233, 213) : 51
(213, 152, 233, 172) : 51
(111, 91, 131, 71) : 57
(132, 152, 193, 172) : 80
(111, 151, 131, 171) : 63
(214, 132, 152, 193) : 51
(111, 71, 131, 91) : 57
(131, 192, 171, 151) : 60
(214, 132, 193, 152) : 51
(172, 131, 111, 151) : 57
(193, 172, 214, 152) : 52
(172, 213, 233, 152) : 51
(192, 213, 152, 172) : 74
(132, 152, 112, 193) : 59
(193, 152, 132, 172) : 80
(173, 153, 113, 133) : 62
(172, 192, 152, 213) : 74
(214, 173, 234, 193) : 53
(131, 111, 91, 71) : 57
(172, 152, 193, 213) : 68
(214, 152, 172, 193) : 52
(131, 111, 71, 91) : 57
(132, 152, 173, 193) : 57
(213, 152, 132, 172) : 72
(152, 172, 132, 112) : 84
(132, 172, 193, 152) : 80
(132, 193, 152, 173) : 57
(213, 172, 233, 152) : 51
(132, 152, 192, 172) : 74
(192, 131, 171, 151) : 60
(153, 173, 133, 193) : 58
(93, 153, 133, 113) : 54
(152, 93, 112, 132) : 55
(172, 112, 152, 132) : 84
(172, 192, 132, 152) : 74
(152, 193, 132, 214) : 51
(192, 172, 213, 131) : 50
(173, 113, 133, 153) : 62
(173, 193, 132, 152) : 57
(91, 151, 131, 111) : 59
(152, 112, 193, 132) : 59
(153, 93, 133, 113) : 54
(111, 192, 131, 151) : 55
(132, 193, 152, 213) : 57
(192, 172, 213, 151) : 51
(112, 152, 193, 132) : 59
(213, 151, 172, 192) : 51
(171, 192, 151, 131) : 60
(91, 111, 131, 151) : 59
(132, 152, 112, 172) : 84
(173, 133, 153, 113) : 62
(112, 93, 152, 132) : 55
(173, 153, 133, 193) : 58
(152, 132, 172, 193) : 80
(192, 171, 131, 151) : 60
(233, 172, 152, 213) : 51
(152, 193, 172, 214) : 52
(111, 171, 151, 131) : 63
(192, 151, 172, 131) : 70
(173, 234, 193, 214) : 53
(152, 193, 213, 132) : 57
(214, 173, 153, 193) : 53
(91, 111, 151, 131) : 59
(151, 131, 111, 171) : 63
(234, 173, 214, 193) : 53
(153, 173, 113, 133) : 62
(172, 193, 132, 152) : 80
(131, 151, 111, 91) : 59
(131, 111, 172, 151) : 57
(192, 172, 152, 132) : 74
(152, 193, 132, 172) : 80
(193, 213, 172, 152) : 68
(214, 193, 153, 173) : 53
(192, 131, 213, 172) : 50
(151, 171, 111, 131) : 63
(192, 151, 131, 171) : 60
(111, 131, 151, 172) : 57
(152, 172, 112, 132) : 84
(153, 133, 113, 173) : 62
(151, 192, 131, 111) : 55
(172, 132, 192, 152) : 74
(172, 111, 131, 151) : 57
(173, 133, 193, 153) : 58
(193, 173, 132, 152) : 57
(171, 111, 151, 131) : 63
(91, 111, 71, 131) : 57
(172, 213, 132, 152) : 72
(133, 173, 193, 153) : 58
(132, 172, 192, 152) : 74
(152, 132, 193, 214) : 51
(192, 213, 172, 131) : 50
(113, 153, 173, 133) : 62
(111, 131, 71, 91) : 57
(173, 214, 193, 234) : 53
(132, 152, 193, 213) : 57
(192, 213, 172, 151) : 51
(132, 112, 152, 172) : 84
(193, 172, 152, 213) : 68
(152, 193, 172, 132) : 80
(152, 233, 172, 213) : 51
(151, 111, 131, 192) : 55
(132, 152, 172, 192) : 74
(131, 111, 151, 171) : 63
(131, 111, 171, 151) : 63
(193, 152, 172, 213) : 68
(192, 172, 131, 213) : 50
(192, 131, 172, 213) : 50
(172, 152, 214, 193) : 52
(213, 172, 152, 192) : 74
(113, 133, 93, 153) : 54
(172, 152, 193, 132) : 80
(172, 192, 213, 131) : 50
(213, 193, 152, 172) : 68
(152, 193, 214, 132) : 51
(152, 213, 193, 132) : 57
(171, 131, 151, 111) : 63
(112, 193, 152, 132) : 59
(192, 171, 151, 131) : 60
(151, 91, 111, 131) : 59
(112, 172, 152, 132) : 84
(173, 133, 113, 153) : 62
(213, 193, 152, 132) : 57
(171, 151, 111, 131) : 63
(172, 213, 152, 193) : 68
(113, 133, 153, 93) : 54
(131, 91, 151, 111) : 59
(151, 172, 131, 111) : 57
(173, 152, 132, 193) : 57
(193, 213, 132, 152) : 57
(112, 152, 132, 172) : 84
(131, 111, 91, 151) : 59
(112, 132, 152, 93) : 55
(172, 152, 192, 132) : 74
(132, 172, 152, 193) : 80
(152, 112, 132, 193) : 59
(172, 152, 213, 193) : 68
(152, 213, 132, 172) : 72
(172, 213, 152, 233) : 51
(131, 151, 111, 171) : 63
(132, 193, 152, 172) : 80
(91, 111, 131, 71) : 57
(192, 111, 131, 151) : 55
(131, 172, 111, 151) : 57
(193, 214, 132, 152) : 51
(172, 112, 132, 152) : 84
(173, 113, 153, 133) : 62
(173, 193, 153, 214) : 53
(192, 152, 172, 213) : 74
(131, 192, 172, 213) : 50
(111, 131, 171, 151) : 63
(192, 172, 213, 152) : 74
(152, 192, 172, 132) : 74
(153, 193, 133, 173) : 58
(152, 192, 213, 172) : 74
(153, 214, 193, 173) : 53
(173, 193, 133, 153) : 58
(213, 132, 152, 193) : 57
(71, 131, 111, 91) : 57
(192, 131, 111, 151) : 55
(173, 214, 153, 193) : 53
(151, 213, 192, 172) : 51
(152, 193, 132, 112) : 59
(193, 173, 133, 153) : 58
(131, 151, 91, 111) : 59
(132, 152, 112, 93) : 55
(234, 214, 173, 193) : 53
(151, 171, 192, 131) : 60
(193, 132, 112, 152) : 59
(193, 152, 213, 172) : 68
(153, 193, 173, 214) : 53
(133, 153, 113, 173) : 62
(214, 172, 193, 152) : 52
(172, 132, 213, 152) : 72
(213, 152, 192, 172) : 74
(151, 172, 111, 131) : 57
(151, 213, 172, 192) : 51
(152, 112, 93, 132) : 55
(172, 192, 131, 151) : 70
(172, 132, 112, 152) : 84
(151, 131, 171, 111) : 63
(131, 111, 151, 192) : 55
(132, 172, 213, 152) : 72
(152, 172, 132, 192) : 74
(93, 112, 152, 132) : 55
(133, 173, 153, 193) : 58
(192, 172, 151, 213) : 51
(153, 173, 133, 113) : 62
(173, 214, 193, 153) : 53
(172, 151, 213, 192) : 51
(111, 151, 131, 192) : 55
(213, 172, 193, 152) : 68
(132, 214, 152, 193) : 51
(173, 234, 214, 193) : 53
(152, 132, 112, 93) : 55
(131, 111, 151, 172) : 57
(192, 213, 172, 152) : 74
(213, 152, 193, 172) : 68
(151, 131, 171, 192) : 60
(193, 153, 133, 173) : 58
(192, 152, 213, 172) : 74
(111, 151, 192, 131) : 55
(93, 132, 112, 152) : 55
(133, 113, 153, 93) : 54
(111, 172, 151, 131) : 57
(132, 152, 172, 193) : 80
(172, 151, 131, 192) : 70
(111, 91, 151, 131) : 59
(153, 173, 214, 193) : 53
(192, 213, 131, 172) : 50
(132, 193, 173, 152) : 57
(131, 192, 151, 172) : 70
(152, 112, 132, 93) : 55
(193, 173, 214, 234) : 53
(213, 172, 131, 192) : 50
(112, 132, 152, 193) : 59
(192, 131, 151, 172) : 70
(112, 152, 132, 193) : 59
(213, 192, 172, 131) : 50
(152, 214, 193, 172) : 52
(173, 152, 193, 132) : 57
(172, 193, 213, 152) : 68
(71, 131, 91, 111) : 57
(131, 151, 111, 192) : 55
(213, 193, 172, 152) : 68
(152, 112, 132, 172) : 84
(131, 91, 111, 71) : 57
(152, 233, 213, 172) : 51
(172, 151, 131, 111) : 57
(113, 93, 133, 153) : 54
(213, 151, 192, 172) : 51
(153, 133, 193, 173) : 58
(172, 213, 152, 192) : 74
(132, 193, 152, 112) : 59
(213, 131, 172, 192) : 50
(111, 151, 131, 91) : 59
(152, 132, 173, 193) : 57
(233, 213, 152, 172) : 51
(133, 153, 173, 113) : 62
(172, 152, 213, 192) : 74
(131, 151, 111, 172) : 57
(172, 151, 111, 131) : 57
(113, 173, 133, 153) : 62
(71, 91, 131, 111) : 57
(93, 133, 153, 113) : 54
(112, 132, 172, 152) : 84
(93, 152, 112, 132) : 55
(91, 131, 111, 71) : 57
(132, 152, 93, 112) : 55
(172, 152, 132, 213) : 72
(111, 131, 172, 151) : 57
(131, 91, 111, 151) : 59
(172, 152, 132, 112) : 84
(173, 193, 153, 133) : 58
(192, 152, 172, 132) : 74
(153, 193, 173, 133) : 58
(151, 131, 192, 171) : 60
(172, 193, 152, 213) : 68
(151, 131, 172, 111) : 57
(131, 171, 111, 151) : 63
(213, 152, 172, 132) : 72
(193, 152, 214, 172) : 52
(193, 173, 214, 153) : 53
(172, 213, 193, 152) : 68
(111, 91, 131, 151) : 59
(131, 151, 192, 171) : 60
(214, 193, 172, 152) : 52
(172, 152, 192, 213) : 74
(171, 131, 192, 151) : 60
(152, 214, 132, 193) : 51
(193, 153, 214, 173) : 53
(192, 172, 152, 213) : 74
(193, 213, 152, 132) : 57
(133, 173, 113, 153) : 62
(172, 132, 193, 152) : 80
(172, 152, 213, 132) : 72
(131, 172, 192, 151) : 70
(151, 131, 91, 111) : 59
(111, 131, 151, 91) : 59
(152, 132, 172, 213) : 72
(131, 151, 171, 192) : 60
(173, 153, 193, 133) : 58
(172, 233, 213, 152) : 51
(113, 133, 153, 173) : 62
(152, 213, 192, 172) : 74
(193, 213, 152, 172) : 68
(152, 192, 172, 213) : 74
(133, 153, 113, 93) : 54
(151, 131, 172, 192) : 70
(193, 234, 214, 173) : 53
(131, 172, 213, 192) : 50
(151, 131, 192, 111) : 55
(172, 132, 152, 192) : 74
(152, 213, 172, 233) : 51
(233, 152, 213, 172) : 51
(132, 193, 172, 152) : 80
(152, 193, 112, 132) : 59
(152, 193, 173, 132) : 57
(133, 153, 193, 173) : 58
(213, 172, 151, 192) : 51
(192, 152, 132, 172) : 74
(111, 172, 131, 151) : 57
(132, 172, 152, 192) : 74
(113, 153, 133, 93) : 54
(173, 193, 214, 153) : 53
(152, 214, 193, 132) : 51
(151, 192, 131, 171) : 60
(234, 173, 193, 214) : 53
(152, 193, 214, 172) : 52
(112, 132, 93, 152) : 55
(152, 213, 193, 172) : 68
(152, 172, 213, 132) : 72
(133, 113, 93, 153) : 54
(172, 192, 213, 152) : 74
(213, 152, 172, 233) : 51
(172, 192, 151, 131) : 70
(213, 132, 152, 172) : 72
(192, 172, 132, 152) : 74
(111, 131, 151, 192) : 55
(172, 131, 192, 151) : 70
(214, 173, 193, 153) : 53
(171, 131, 111, 151) : 63
(151, 192, 172, 213) : 51
(152, 132, 93, 112) : 55
(152, 172, 214, 193) : 52
(93, 133, 113, 153) : 54
(152, 172, 193, 132) : 80
(172, 152, 213, 233) : 51
(152, 132, 214, 193) : 51
(172, 152, 132, 192) : 74
(192, 131, 151, 171) : 60
(153, 214, 173, 193) : 53
(151, 111, 172, 131) : 57
(173, 153, 133, 113) : 62
(172, 151, 192, 213) : 51
(112, 132, 152, 172) : 84
(153, 133, 113, 93) : 54
(213, 132, 193, 152) : 57
(133, 193, 153, 173) : 58
(152, 132, 112, 193) : 59
(192, 132, 152, 172) : 74
(133, 93, 153, 113) : 54
(213, 132, 172, 152) : 72
(213, 233, 152, 172) : 51
(172, 193, 152, 132) : 80
(131, 151, 171, 111) : 63
(112, 152, 93, 132) : 55
(213, 193, 132, 152) : 57
(93, 112, 132, 152) : 55
(171, 192, 131, 151) : 60
(171, 131, 151, 192) : 60
(151, 172, 192, 213) : 51
(113, 173, 153, 133) : 62
(152, 173, 132, 193) : 57
(171, 151, 131, 192) : 60
(172, 152, 193, 214) : 52
(192, 172, 131, 151) : 70
(152, 172, 192, 132) : 74
(91, 131, 111, 151) : 59
(132, 213, 152, 193) : 57
(193, 172, 152, 132) : 80
(111, 151, 172, 131) : 57
(152, 132, 213, 193) : 57
(131, 91, 71, 111) : 57
(152, 193, 132, 213) : 57
(193, 132, 152, 173) : 57
(192, 151, 213, 172) : 51
(171, 151, 192, 131) : 60
(192, 151, 131, 111) : 55
(193, 132, 213, 152) : 57
(173, 193, 152, 132) : 57
(172, 192, 131, 213) : 50
(193, 152, 132, 213) : 57
(131, 151, 172, 192) : 70
(153, 193, 214, 173) : 53
(151, 111, 131, 172) : 57
(132, 193, 152, 214) : 51
(214, 152, 193, 172) : 52
(93, 153, 113, 133) : 54
(91, 131, 151, 111) : 59
(152, 172, 132, 193) : 80
(172, 213, 192, 131) : 50
(111, 192, 151, 131) : 55
(131, 192, 172, 151) : 70
(152, 193, 172, 213) : 68
(132, 152, 214, 193) : 51
(91, 131, 71, 111) : 57
(132, 93, 152, 112) : 55
(152, 172, 213, 233) : 51
(173, 193, 214, 234) : 53
(132, 193, 112, 152) : 59
(152, 173, 193, 132) : 57
(132, 112, 93, 152) : 55
(111, 171, 131, 151) : 63
(151, 131, 111, 172) : 57
(132, 193, 213, 152) : 57
(111, 151, 91, 131) : 59
(131, 151, 172, 111) : 57
(213, 152, 193, 132) : 57
(93, 152, 132, 112) : 55
(213, 172, 152, 233) : 51
(172, 131, 192, 213) : 50
(172, 132, 152, 193) : 80
(153, 93, 113, 133) : 54
(213, 172, 132, 152) : 72
(131, 171, 151, 192) : 60
(214, 153, 173, 193) : 53
(213, 233, 172, 152) : 51
(131, 71, 91, 111) : 57
(112, 193, 132, 152) : 59
(113, 153, 133, 173) : 62
(132, 152, 213, 193) : 57
(234, 214, 193, 173) : 53
(152, 132, 213, 172) : 72
(193, 214, 152, 172) : 52
(152, 132, 193, 213) : 57
(172, 192, 213, 151) : 51
(193, 152, 172, 132) : 80
(193, 133, 173, 153) : 58
(153, 113, 133, 93) : 54
(172, 233, 152, 213) : 51
(132, 152, 193, 214) : 51
(133, 153, 93, 113) : 54
(193, 172, 213, 152) : 68
(172, 214, 193, 152) : 52
(91, 151, 111, 131) : 59
(193, 214, 152, 132) : 51
(132, 173, 152, 193) : 57
(173, 132, 193, 152) : 57
(172, 132, 152, 112) : 84
(172, 111, 151, 131) : 57
(91, 71, 111, 131) : 57
(172, 152, 233, 213) : 51
(152, 132, 112, 172) : 84
(111, 71, 91, 131) : 57
(173, 153, 193, 214) : 53
(214, 173, 193, 234) : 53
(132, 172, 152, 213) : 72
(131, 71, 111, 91) : 57
(132, 152, 172, 213) : 72
(152, 132, 172, 112) : 84
(193, 152, 173, 132) : 57
(234, 193, 214, 173) : 53
(93, 132, 152, 112) : 55
(153, 133, 173, 193) : 58
(172, 152, 132, 193) : 80
(152, 112, 172, 132) : 84
(153, 113, 93, 133) : 54
(193, 132, 152, 112) : 59
(172, 152, 112, 132) : 84
(193, 152, 214, 132) : 51
(131, 192, 111, 151) : 55
(151, 131, 111, 91) : 59
(151, 111, 131, 171) : 63
(214, 193, 173, 234) : 53
(173, 193, 234, 214) : 53
(152, 172, 193, 213) : 68
(111, 131, 91, 71) : 57
(193, 152, 172, 214) : 52
(113, 153, 93, 133) : 54
(192, 151, 111, 131) : 55
(214, 234, 173, 193) : 53
(214, 152, 132, 193) : 51
(193, 173, 153, 133) : 58
(193, 132, 173, 152) : 57
(193, 214, 173, 153) : 53
(152, 172, 213, 193) : 68
(192, 213, 151, 172) : 51
(213, 192, 152, 172) : 74
(91, 71, 131, 111) : 57
(172, 213, 192, 152) : 74
(192, 151, 172, 213) : 51
(192, 151, 171, 131) : 60
(152, 172, 213, 192) : 74
(93, 113, 133, 153) : 54
