130 : 53
131 : 85
132 : 100
133 : 120
134 : 78
272 : 62
273 : 57
147 : 50
148 : 62
149 : 73
22 : 50
151 : 100
152 : 94
201 : 93
150 : 67
290 : 55
219 : 93
165 : 69
166 : 80
167 : 62
40 : 68
41 : 65
42 : 53
171 : 59
223 : 51
308 : 53
183 : 93
184 : 66
185 : 62
58 : 53
59 : 80
60 : 66
189 : 57
224 : 52
203 : 51
204 : 54
225 : 56
168 : 69
202 : 50
75 : 65
76 : 75
77 : 78
78 : 65
205 : 65
206 : 67
186 : 66
218 : 53
207 : 60
93 : 54
95 : 77
96 : 106
97 : 80
187 : 76
188 : 78
236 : 56
237 : 81
113 : 67
114 : 111
115 : 111
116 : 52
169 : 73
170 : 83
254 : 57
255 : 73
(134, 115) : 58
(151, 132) : 50
(115, 97) : 50
(114, 133) : 50
(201, 219) : 65
(237, 219) : 63
(97, 115) : 50
(115, 96) : 55
(97, 96) : 51
(133, 151) : 61
(96, 97) : 51
(115, 114) : 54
(165, 183) : 57
(115, 134) : 58
(96, 115) : 55
(152, 133) : 57
(219, 237) : 63
(132, 151) : 50
(201, 166) : 52
(133, 132) : 57
(132, 133) : 57
(133, 114) : 50
(133, 152) : 57
(201, 183) : 69
(151, 133) : 61
(114, 115) : 54
(219, 201) : 65
(166, 201) : 52
(183, 165) : 57
(151, 170) : 59
(133, 115) : 52
(115, 133) : 52
(255, 237) : 53
(170, 151) : 59
(237, 255) : 53
(183, 201) : 69
