(6, -13) : 114.272486772
(3, -8) : 85.2744708995
(8, -8) : 55.3538359788
(7, -10) : 76.6071428571
(2, -4) : 75.2513227513
(3, -10) : 124.494047619
(9, -11) : 48.9781746032
(4, -17) : 73.9186507937
(4, -8) : 37.9497354497
(4, -15) : 52.2387566138
(2, -12) : 61.9146825397
(5, -18) : 89.0641534392
(6, -12) : 93.6144179894
(5, -12) : 94.914021164
(3, -12) : 106.005291005
(7, -14) : 110.033068783
(2, -7) : 108.409391534
(7, -15) : 75.4265873016
(4, -11) : 78.167989418
(9, -8) : 40.7341269841
(7, -7) : 65.6084656085
(6, -16) : 88.9914021164
(8, -7) : 51.5674603175
(3, -17) : 76.2334656085
(3, -7) : 79.1997354497
(5, -10) : 64.0244708995
(5, -16) : 114.183201058
(9, -12) : 38.5648148148
(4, -14) : 82.6818783069
(8, -11) : 85.625
(5, -19) : 60.4067460317
(6, -11) : 106.994047619
(3, -11) : 124.272486772
(2, -10) : 106.008597884
(2, -5) : 89.4246031746
(6, -8) : 57.3776455026
(2, -15) : 39.4742063492
(6, -9) : 70.3042328042
(6, -15) : 151.428571429
(5, -9) : 44.0575396825
(2, -11) : 82.6025132275
(3, -18) : 40.6349206349
(6, -18) : 51.0912698413
(7, -12) : 121.752645503
(2, -6) : 105.595238095
(2, -13) : 39.9966931217
(4, -13) : 87.5694444444
(8, -10) : 73.6970899471
(5, -14) : 111.726190476
(9, -9) : 44.3617724868
(2, -9) : 115.909391534
(7, -13) : 134.996693122
(4, -9) : 54.8677248677
(7, -11) : 98.5251322751
(3, -15) : 51.6534391534
(5, -13) : 86.5178571429
(6, -10) : 82.9464285714
(3, -16) : 98.6044973545
(8, -12) : 85.8796296296
(6, -17) : 56.2202380952
(7, -9) : 73.0158730159
(9, -6) : 40.7804232804
(2, -16) : 50.5753968254
(6, -14) : 134.933862434
(4, -19) : 79.3617724868
(8, -9) : 71.2037037037
(5, -15) : 131.693121693
(9, -10) : 46.412037037
(4, -18) : 98.253968254
(5, -8) : 42.919973545
(4, -16) : 79.1302910053
(8, -13) : 67.4801587302
(3, -13) : 72.2751322751
(5, -17) : 110.912698413
(5, -11) : 90.9325396825
(3, -9) : 104.937169312
(7, -8) : 72.705026455
(2, -8) : 106.590608466
(3, -6) : 59.0145502646
(4, -12) : 90.1785714286
(9, -7) : 44.0112433862
(3, -14) : 48.3796296296
(4, -10) : 62.3974867725
((6, -9), (6, -10)) : 42.2619047619
((7, -10), (6, -11)) : 44.6924603175
((2, -8), (2, -6)) : 46.1375661376
((4, -12), (3, -11)) : 54.4907407407
((5, -16), (5, -15)) : 54.9603174603
((4, -12), (3, -12)) : 42.7678571429
((3, -10), (3, -8)) : 41.1474867725
((3, -8), (3, -9)) : 60.2447089947
((6, -13), (7, -12)) : 66.207010582
((7, -14), (7, -15)) : 43.8855820106
((3, -11), (2, -10)) : 53.4226190476
((3, -10), (4, -12)) : 49.6759259259
((3, -10), (3, -12)) : 55.9920634921
((2, -8), (2, -7)) : 76.8154761905
((3, -9), (2, -8)) : 42.1164021164
((5, -11), (5, -10)) : 37.9563492063
((3, -8), (2, -5)) : 38.1084656085
((4, -13), (4, -14)) : 41.5277777778
((7, -11), (7, -10)) : 41.6832010582
((5, -14), (6, -13)) : 39.212962963
((7, -11), (6, -13)) : 38.005952381
((3, -11), (2, -9)) : 56.5013227513
((4, -12), (4, -13)) : 45.8597883598
((6, -13), (8, -11)) : 43.0555555556
((6, -13), (6, -12)) : 44.3253968254
((7, -15), (7, -14)) : 43.8855820106
((7, -11), (8, -10)) : 40.5125661376
((7, -15), (6, -15)) : 48.630952381
((8, -12), (7, -14)) : 42.4669312169
((6, -16), (6, -15)) : 47.7149470899
((4, -14), (4, -13)) : 41.5277777778
((3, -12), (3, -13)) : 54.7817460317
((2, -9), (3, -10)) : 53.8095238095
((3, -9), (3, -8)) : 60.2447089947
((3, -11), (2, -8)) : 45.3439153439
((2, -10), (2, -9)) : 71.130952381
((4, -11), (3, -10)) : 41.0251322751
((2, -6), (2, -8)) : 46.1375661376
((2, -5), (2, -7)) : 48.6342592593
((4, -18), (4, -19)) : 55.505952381
((4, -10), (3, -9)) : 41.6038359788
((2, -10), (3, -12)) : 59.0873015873
((2, -9), (3, -11)) : 56.5013227513
((4, -13), (4, -12)) : 45.8597883598
((4, -13), (3, -12)) : 42.414021164
((3, -7), (3, -6)) : 50.6944444444
((5, -10), (5, -11)) : 37.9563492063
((7, -12), (7, -11)) : 62.6851851852
((2, -5), (2, -6)) : 73.3597883598
((5, -16), (6, -15)) : 48.7301587302
((2, -9), (2, -11)) : 45.8961640212
((3, -9), (3, -11)) : 43.4854497354
((6, -14), (6, -13)) : 56.1111111111
((5, -15), (5, -16)) : 54.9603174603
((3, -11), (3, -13)) : 38.4292328042
((2, -11), (2, -10)) : 70.4265873016
((2, -7), (2, -9)) : 53.0291005291
((2, -5), (3, -7)) : 37.9993386243
((6, -13), (7, -13)) : 59.1435185185
((3, -7), (2, -6)) : 44.1798941799
((6, -11), (7, -10)) : 44.6924603175
((3, -9), (4, -10)) : 41.6038359788
((7, -12), (8, -10)) : 40.0462962963
((2, -7), (2, -5)) : 48.6342592593
((2, -9), (2, -10)) : 71.130952381
((8, -11), (8, -10)) : 43.4986772487
((6, -11), (6, -10)) : 46.1276455026
((3, -11), (3, -12)) : 80.0562169312
((2, -6), (2, -5)) : 73.3597883598
((7, -12), (6, -13)) : 66.207010582
((6, -14), (5, -14)) : 54.0343915344
((6, -13), (5, -13)) : 39.5568783069
((6, -13), (6, -14)) : 56.1111111111
((6, -13), (5, -14)) : 39.212962963
((3, -11), (3, -10)) : 89.6395502646
((3, -10), (4, -11)) : 41.0251322751
((7, -13), (8, -11)) : 49.8082010582
((3, -12), (2, -9)) : 43.4854497354
((7, -13), (6, -15)) : 51.6997354497
((3, -9), (3, -10)) : 72.5396825397
((6, -12), (6, -11)) : 45.3009259259
((8, -12), (7, -13)) : 59.5535714286
((6, -10), (6, -9)) : 42.2619047619
((8, -10), (7, -12)) : 40.0462962963
((5, -17), (5, -16)) : 47.2916666667
((2, -11), (2, -9)) : 45.8961640212
((6, -14), (6, -15)) : 59.3981481481
((3, -16), (4, -16)) : 38.878968254
((7, -12), (7, -13)) : 74.5701058201
((3, -8), (3, -10)) : 41.1474867725
((5, -12), (6, -11)) : 40.2744708995
((5, -14), (7, -13)) : 41.8551587302
((3, -10), (2, -7)) : 43.4226190476
((3, -8), (3, -7)) : 59.7652116402
((5, -11), (5, -12)) : 45.4067460317
((5, -15), (6, -15)) : 82.6587301587
((5, -15), (7, -14)) : 42.671957672
((7, -13), (5, -14)) : 41.8551587302
((4, -11), (4, -12)) : 38.167989418
((2, -5), (3, -8)) : 38.1084656085
((3, -10), (3, -9)) : 72.5396825397
((3, -11), (4, -13)) : 47.8439153439
((3, -13), (2, -11)) : 38.5218253968
((3, -16), (3, -17)) : 47.9332010582
((2, -10), (2, -11)) : 70.4265873016
((3, -14), (3, -13)) : 38.6243386243
((8, -10), (8, -11)) : 43.4986772487
((7, -13), (8, -12)) : 59.5535714286
((6, -16), (5, -16)) : 52.0535714286
((3, -12), (4, -12)) : 42.7678571429
((7, -9), (7, -10)) : 40.9325396825
((8, -13), (8, -12)) : 39.8941798942
((7, -14), (8, -13)) : 50.9027777778
((3, -9), (2, -7)) : 50.8068783069
((4, -16), (5, -16)) : 37.8670634921
((4, -12), (4, -11)) : 38.167989418
((2, -11), (3, -13)) : 38.5218253968
((2, -10), (2, -8)) : 45.710978836
((6, -13), (7, -11)) : 38.005952381
((3, -13), (2, -10)) : 44.169973545
((5, -14), (4, -14)) : 39.6428571429
((6, -17), (5, -17)) : 47.7976190476
((2, -10), (3, -13)) : 44.169973545
((5, -16), (5, -17)) : 47.2916666667
((7, -7), (7, -8)) : 46.9212962963
((8, -10), (7, -11)) : 40.5125661376
((8, -11), (6, -13)) : 43.0555555556
((8, -13), (7, -14)) : 50.9027777778
((7, -14), (6, -15)) : 69.1005291005
((8, -11), (7, -13)) : 49.8082010582
((2, -7), (3, -10)) : 43.4226190476
((2, -6), (3, -7)) : 44.1798941799
((7, -13), (7, -14)) : 62.6984126984
((5, -15), (5, -14)) : 46.5972222222
((5, -16), (6, -16)) : 52.0535714286
((6, -14), (7, -12)) : 48.835978836
((7, -13), (6, -13)) : 59.1435185185
((2, -8), (2, -10)) : 45.710978836
((7, -9), (7, -8)) : 39.8181216931
((6, -14), (7, -14)) : 50.3802910053
((2, -8), (3, -11)) : 45.3439153439
((6, -15), (5, -16)) : 48.7301587302
((2, -7), (2, -6)) : 72.3974867725
((3, -10), (2, -9)) : 53.8095238095
((2, -4), (3, -7)) : 38.1580687831
((2, -5), (2, -4)) : 63.8955026455
((3, -12), (3, -11)) : 80.0562169312
((6, -15), (6, -14)) : 59.3981481481
((8, -11), (7, -12)) : 55.4232804233
((6, -15), (6, -16)) : 47.7149470899
((6, -11), (5, -12)) : 40.2744708995
((2, -8), (3, -10)) : 48.878968254
((4, -19), (4, -18)) : 55.505952381
((3, -10), (2, -8)) : 48.878968254
((3, -7), (3, -9)) : 43.7367724868
((8, -12), (8, -13)) : 39.8941798942
((7, -8), (7, -9)) : 39.8181216931
((3, -13), (3, -12)) : 54.7817460317
((5, -16), (4, -16)) : 37.8670634921
((2, -9), (3, -12)) : 43.4854497354
((2, -4), (2, -6)) : 49.9041005291
((3, -7), (3, -8)) : 59.7652116402
((6, -12), (6, -13)) : 44.3253968254
((2, -12), (2, -11)) : 49.1203703704
((2, -9), (2, -7)) : 53.0291005291
((3, -7), (2, -5)) : 37.9993386243
((6, -11), (5, -11)) : 54.3419312169
((3, -11), (3, -9)) : 43.4854497354
((4, -14), (5, -14)) : 39.6428571429
((5, -12), (5, -11)) : 45.4067460317
((3, -7), (2, -4)) : 38.1580687831
((3, -11), (4, -12)) : 54.4907407407
((4, -16), (3, -16)) : 38.878968254
((6, -15), (7, -13)) : 51.6997354497
((2, -6), (3, -9)) : 49.8511904762
((3, -9), (3, -7)) : 43.7367724868
((7, -8), (7, -7)) : 46.9212962963
((3, -12), (3, -10)) : 55.9920634921
((2, -10), (3, -11)) : 53.4226190476
((3, -8), (2, -6)) : 47.2123015873
((3, -9), (2, -6)) : 49.8511904762
((2, -9), (2, -8)) : 78.4457671958
((2, -4), (2, -5)) : 63.8955026455
((3, -10), (3, -11)) : 89.6395502646
((7, -14), (7, -13)) : 62.6984126984
((3, -13), (3, -11)) : 38.4292328042
((4, -13), (3, -11)) : 47.8439153439
((2, -6), (3, -8)) : 47.2123015873
((2, -11), (2, -12)) : 49.1203703704
((5, -14), (5, -15)) : 46.5972222222
((3, -6), (3, -7)) : 50.6944444444
((3, -12), (4, -13)) : 42.414021164
((6, -15), (7, -14)) : 69.1005291005
((6, -10), (6, -11)) : 46.1276455026
((7, -13), (7, -11)) : 39.2526455026
((7, -14), (8, -12)) : 42.4669312169
((2, -8), (2, -9)) : 78.4457671958
((7, -14), (6, -14)) : 50.3802910053
((6, -14), (7, -13)) : 76.6071428571
((3, -13), (3, -14)) : 38.6243386243
((2, -8), (3, -9)) : 42.1164021164
((5, -11), (6, -11)) : 54.3419312169
((2, -7), (2, -8)) : 76.8154761905
((2, -6), (2, -4)) : 49.9041005291
((5, -17), (5, -18)) : 45.1554232804
((7, -10), (7, -9)) : 40.9325396825
((5, -13), (6, -13)) : 39.5568783069
((3, -17), (3, -16)) : 47.9332010582
((6, -15), (5, -15)) : 82.6587301587
((3, -12), (2, -10)) : 59.0873015873
((7, -14), (5, -15)) : 42.671957672
((7, -10), (7, -11)) : 41.6832010582
((7, -12), (6, -14)) : 48.835978836
((5, -14), (6, -14)) : 54.0343915344
((6, -15), (7, -15)) : 48.630952381
((7, -11), (7, -12)) : 62.6851851852
((5, -17), (6, -17)) : 47.7976190476
((7, -13), (7, -12)) : 74.5701058201
((2, -6), (2, -7)) : 72.3974867725
((4, -12), (3, -10)) : 49.6759259259
((7, -12), (8, -11)) : 55.4232804233
((7, -13), (6, -14)) : 76.6071428571
((5, -18), (5, -17)) : 45.1554232804
((7, -11), (7, -13)) : 39.2526455026
((2, -7), (3, -9)) : 50.8068783069
((6, -11), (6, -12)) : 45.3009259259
((3, -10), (4, -12), (3, -11)) : 39.7420634921
((3, -9), (3, -11), (3, -10)) : 43.2341269841
((2, -11), (2, -10), (2, -9)) : 45.8961640212
((7, -13), (7, -12), (7, -11)) : 39.2526455026
((7, -14), (5, -15), (6, -15)) : 41.8485449735
((7, -12), (7, -13), (6, -14)) : 40.0595238095
((3, -11), (2, -9), (3, -10)) : 41.9775132275
((2, -10), (2, -8), (2, -9)) : 45.710978836
((2, -6), (2, -5), (2, -7)) : 46.5608465608
((2, -10), (2, -11), (2, -9)) : 45.8961640212
((2, -7), (2, -6), (2, -5)) : 46.5608465608
((7, -11), (7, -13), (7, -12)) : 39.2526455026
((7, -12), (6, -13), (7, -13)) : 40.0132275132
((3, -11), (3, -9), (3, -10)) : 43.2341269841
((3, -7), (3, -9), (3, -8)) : 43.7367724868
((3, -10), (3, -11), (3, -12)) : 53.7632275132
((3, -10), (3, -9), (3, -11)) : 43.2341269841
((3, -9), (3, -8), (3, -10)) : 40.2579365079
((3, -13), (3, -11), (3, -12)) : 38.4292328042
((7, -12), (7, -11), (7, -13)) : 39.2526455026
((6, -13), (7, -13), (6, -14)) : 38.587962963
((3, -9), (3, -10), (3, -11)) : 43.2341269841
((7, -13), (7, -11), (7, -12)) : 39.2526455026
((6, -13), (7, -12), (7, -13)) : 40.0132275132
((3, -10), (3, -8), (3, -9)) : 40.2579365079
((2, -6), (2, -7), (2, -5)) : 46.5608465608
((2, -10), (2, -9), (2, -11)) : 45.8961640212
((2, -4), (2, -6), (2, -5)) : 49.9041005291
((3, -11), (4, -13), (3, -12)) : 37.8174603175
((2, -7), (2, -8), (2, -9)) : 53.0291005291
((3, -12), (3, -11), (3, -13)) : 38.4292328042
((3, -8), (3, -9), (3, -7)) : 43.7367724868
((3, -8), (3, -10), (3, -9)) : 40.2579365079
((7, -12), (6, -14), (7, -13)) : 40.0595238095
((3, -10), (3, -9), (3, -8)) : 40.2579365079
((2, -10), (2, -9), (2, -8)) : 45.710978836
((3, -12), (2, -10), (3, -11)) : 45.2281746032
((2, -5), (2, -7), (2, -6)) : 46.5608465608
((7, -13), (7, -12), (6, -13)) : 40.0132275132
((6, -14), (7, -13), (6, -13)) : 38.587962963
((3, -12), (3, -10), (3, -11)) : 53.7632275132
((2, -7), (2, -6), (2, -8)) : 46.1375661376
((2, -8), (2, -7), (2, -9)) : 53.0291005291
((3, -11), (3, -12), (4, -13)) : 37.8174603175
((3, -13), (3, -12), (3, -11)) : 38.4292328042
((2, -9), (2, -8), (2, -10)) : 45.710978836
((7, -13), (7, -12), (6, -14)) : 40.0595238095
((3, -11), (4, -12), (3, -10)) : 39.7420634921
((3, -11), (3, -10), (2, -9)) : 41.9775132275
((6, -14), (6, -13), (7, -13)) : 38.587962963
((7, -12), (7, -13), (6, -13)) : 40.0132275132
((3, -9), (3, -7), (3, -8)) : 43.7367724868
((5, -15), (7, -14), (6, -15)) : 41.8485449735
((2, -8), (2, -6), (2, -7)) : 46.1375661376
((2, -4), (2, -5), (2, -6)) : 49.9041005291
((4, -12), (3, -11), (3, -10)) : 39.7420634921
((3, -10), (3, -12), (3, -11)) : 53.7632275132
((6, -14), (7, -13), (7, -12)) : 40.0595238095
((2, -6), (2, -7), (2, -8)) : 46.1375661376
((2, -9), (3, -10), (3, -11)) : 41.9775132275
((3, -11), (3, -12), (3, -10)) : 53.7632275132
((2, -9), (2, -10), (2, -8)) : 45.710978836
((4, -13), (3, -11), (3, -12)) : 37.8174603175
((3, -8), (3, -9), (3, -10)) : 40.2579365079
((3, -10), (3, -11), (3, -9)) : 43.2341269841
((3, -12), (3, -11), (4, -13)) : 37.8174603175
((2, -9), (2, -11), (2, -10)) : 45.8961640212
((7, -13), (6, -13), (6, -14)) : 38.587962963
((3, -12), (3, -11), (2, -10)) : 45.2281746032
((3, -11), (3, -10), (4, -12)) : 39.7420634921
((3, -11), (3, -13), (3, -12)) : 38.4292328042
((4, -13), (3, -12), (3, -11)) : 37.8174603175
((2, -8), (2, -10), (2, -9)) : 45.710978836
((2, -9), (2, -8), (2, -7)) : 53.0291005291
((2, -5), (2, -6), (2, -7)) : 46.5608465608
((2, -5), (2, -4), (2, -6)) : 49.9041005291
((3, -11), (3, -10), (3, -12)) : 53.7632275132
((2, -6), (2, -4), (2, -5)) : 49.9041005291
((2, -10), (3, -12), (3, -11)) : 45.2281746032
((3, -11), (3, -12), (3, -13)) : 38.4292328042
((3, -12), (3, -11), (3, -10)) : 53.7632275132
((6, -15), (5, -15), (7, -14)) : 41.8485449735
((6, -13), (6, -14), (7, -13)) : 38.587962963
((6, -13), (7, -13), (7, -12)) : 40.0132275132
((2, -6), (2, -8), (2, -7)) : 46.1375661376
((2, -8), (2, -9), (2, -10)) : 45.710978836
((3, -10), (3, -11), (2, -9)) : 41.9775132275
((2, -7), (2, -8), (2, -6)) : 46.1375661376
((5, -15), (6, -15), (7, -14)) : 41.8485449735
((3, -9), (3, -10), (3, -8)) : 40.2579365079
((2, -9), (3, -11), (3, -10)) : 41.9775132275
((3, -9), (3, -8), (3, -7)) : 43.7367724868
((7, -12), (7, -13), (7, -11)) : 39.2526455026
((2, -9), (2, -10), (2, -11)) : 45.8961640212
((7, -13), (6, -14), (7, -12)) : 40.0595238095
((6, -15), (7, -14), (5, -15)) : 41.8485449735
((3, -10), (3, -11), (4, -12)) : 39.7420634921
((3, -7), (3, -8), (3, -9)) : 43.7367724868
((7, -13), (6, -13), (7, -12)) : 40.0132275132
((2, -10), (3, -11), (3, -12)) : 45.2281746032
((2, -11), (2, -9), (2, -10)) : 45.8961640212
((2, -6), (2, -5), (2, -4)) : 49.9041005291
((2, -5), (2, -6), (2, -4)) : 49.9041005291
((4, -12), (3, -10), (3, -11)) : 39.7420634921
((2, -9), (2, -7), (2, -8)) : 53.0291005291
((3, -11), (3, -10), (3, -9)) : 43.2341269841
((3, -12), (3, -13), (3, -11)) : 38.4292328042
((7, -14), (6, -15), (5, -15)) : 41.8485449735
((3, -8), (3, -7), (3, -9)) : 43.7367724868
((2, -8), (2, -7), (2, -6)) : 46.1375661376
((2, -7), (2, -9), (2, -8)) : 53.0291005291
((7, -13), (6, -14), (6, -13)) : 38.587962963
((3, -11), (2, -10), (3, -12)) : 45.2281746032
((2, -7), (2, -5), (2, -6)) : 46.5608465608
((7, -11), (7, -12), (7, -13)) : 39.2526455026
((3, -10), (2, -9), (3, -11)) : 41.9775132275
((6, -14), (7, -12), (7, -13)) : 40.0595238095
((3, -12), (4, -13), (3, -11)) : 37.8174603175
((2, -8), (2, -9), (2, -7)) : 53.0291005291
((3, -11), (3, -12), (2, -10)) : 45.2281746032
