(3, 15) : 98
(8, 13) : 92
(7, 12) : 123
(4, 17) : 126
(3, 11) : 129
(8, 9) : 81
(4, 12) : 114
(7, 11) : 110
(6, 17) : 92
(3, 17) : 97
(3, 14) : 85
(6, 14) : 160
(5, 13) : 134
(7, 15) : 99
(3, 10) : 104
(3, 13) : 110
(5, 18) : 120
(8, 10) : 88
(5, 12) : 99
(4, 13) : 125
(4, 18) : 131
(3, 16) : 157
(6, 15) : 170
(7, 14) : 145
(5, 11) : 79
(6, 11) : 102
(5, 17) : 139
(8, 11) : 100
(4, 14) : 137
(4, 16) : 134
(3, 9) : 79
(6, 12) : 113
(4, 11) : 88
(3, 12) : 141
(5, 16) : 141
(8, 12) : 98
(4, 15) : 100
(7, 13) : 153
(2, 11) : 90
(5, 14) : 167
(5, 15) : 169
(6, 13) : 144
(6, 16) : 122
((6, 14), (7, 13)) : 84
((3, 12), (3, 13)) : 83
((5, 15), (6, 15)) : 92
((7, 14), (6, 15)) : 88
((5, 14), (6, 14)) : 82
((7, 13), (6, 14)) : 84
((3, 11), (3, 12)) : 88
((3, 13), (3, 12)) : 83
((6, 14), (5, 14)) : 82
((3, 12), (3, 11)) : 88
((6, 15), (7, 14)) : 88
((6, 15), (5, 15)) : 92
