(6, -13) : 50.58
(3, -8) : 37.62
(2, -4) : 33.22
(3, -10) : 54.74
(4, -17) : 33.18
(8, -12) : 37.92
(5, -18) : 39.38
(6, -12) : 41.2
(5, -12) : 41.86
(3, -12) : 46.46
(2, -7) : 47.22
(7, -15) : 33.22
(4, -11) : 34.34
(5, -13) : 38.68
(6, -16) : 39.28
(3, -17) : 33.6
(3, -7) : 34.72
(5, -16) : 50.76
(4, -14) : 36.52
(8, -11) : 37.92
(6, -11) : 46.96
(3, -11) : 54.58
(2, -10) : 46.12
(6, -15) : 67.7
(2, -11) : 36.18
(3, -13) : 31.58
(7, -12) : 53.46
(2, -6) : 46.04
(4, -13) : 38.88
(8, -10) : 33.1
(5, -14) : 49.86
(2, -9) : 50.52
(7, -13) : 60.12
(7, -11) : 44.22
(6, -10) : 36.08
(3, -16) : 43.44
(2, -5) : 39.36
(7, -9) : 31.76
(4, -19) : 34.66
(6, -14) : 60.38
(8, -9) : 31.48
(5, -15) : 58.6
(7, -8) : 31.74
(4, -18) : 43.24
(7, -14) : 49.08
(4, -16) : 35.08
(8, -13) : 30.2
(5, -17) : 49.3
(6, -9) : 30.4
(5, -11) : 39.48
(3, -9) : 45.86
(2, -8) : 46.42
(7, -10) : 34.02
(4, -12) : 40.0
((3, -11), (3, -12)) : 34.96
((5, -15), (6, -15)) : 36.68
((6, -15), (7, -14)) : 31.04
((3, -12), (3, -11)) : 34.96
((3, -11), (3, -10)) : 39.52
((7, -14), (6, -15)) : 31.04
((2, -9), (2, -8)) : 34.12
((3, -10), (3, -11)) : 39.52
((3, -10), (3, -9)) : 31.72
((2, -8), (2, -7)) : 33.38
((7, -12), (7, -13)) : 32.92
((6, -14), (7, -13)) : 34.56
((2, -7), (2, -6)) : 31.56
((2, -6), (2, -5)) : 32.28
((2, -7), (2, -8)) : 33.38
((2, -10), (2, -9)) : 31.18
((2, -8), (2, -9)) : 34.12
((6, -15), (5, -15)) : 36.68
((2, -6), (2, -7)) : 31.56
((2, -10), (2, -11)) : 30.52
((2, -5), (2, -6)) : 32.28
((3, -9), (3, -10)) : 31.72
((7, -13), (7, -12)) : 32.92
((2, -11), (2, -10)) : 30.52
((7, -13), (6, -14)) : 34.56
((2, -9), (2, -10)) : 31.18
